Temperature (K)	Pressure (MPa)	Density (mol/l)	Volume (l/mol)	Internal Energy (kJ/mol)	Enthalpy (kJ/mol)	Entropy (J/mol*K)	Cv (J/mol*K)	Cp (J/mol*K)	Sound Spd. (m/s)	Joule-Thomson (K/MPa)	Viscosity (uPa*s)	Therm. Cond. (W/m*K)	Phase
273.16	0.10000	55.500	0.018018	3.3200e-05	0.0018350	0.00012137	75.970	76.014	1402.4	-0.24141	1791.1	0.55567	liquid
273.83	0.10000	55.502	0.018017	0.050694	0.052496	0.18536	75.943	75.973	1405.8	-0.24076	1750.3	0.55737	liquid
274.49	0.10000	55.504	0.018017	0.10133	0.10313	0.37005	75.916	75.935	1409.0	-0.24012	1710.9	0.55904	liquid
275.16	0.10000	55.505	0.018016	0.15194	0.15374	0.55420	75.888	75.898	1412.3	-0.23949	1673.0	0.56069	liquid
275.83	0.10000	55.506	0.018016	0.20252	0.20433	0.73782	75.859	75.864	1415.5	-0.23887	1636.3	0.56231	liquid
276.49	0.10000	55.507	0.018016	0.25309	0.25489	0.92091	75.829	75.830	1418.6	-0.23825	1601.0	0.56391	liquid
277.16	0.10000	55.507	0.018016	0.30363	0.30543	1.1035	75.799	75.799	1421.7	-0.23764	1566.8	0.56549	liquid
277.83	0.10000	55.507	0.018016	0.35415	0.35595	1.2856	75.768	75.769	1424.7	-0.23705	1533.8	0.56704	liquid
278.49	0.10000	55.506	0.018016	0.40465	0.40645	1.4671	75.736	75.740	1427.7	-0.23645	1501.9	0.56858	liquid
279.16	0.10000	55.505	0.018016	0.45514	0.45694	1.6482	75.703	75.713	1430.6	-0.23587	1471.0	0.57010	liquid
279.83	0.10000	55.504	0.018017	0.50560	0.50740	1.8287	75.670	75.688	1433.5	-0.23529	1441.2	0.57159	liquid
280.49	0.10000	55.502	0.018017	0.55605	0.55785	2.0088	75.636	75.663	1436.4	-0.23472	1412.3	0.57307	liquid
281.16	0.10000	55.500	0.018018	0.60648	0.60829	2.1884	75.601	75.640	1439.2	-0.23415	1384.3	0.57453	liquid
281.83	0.10000	55.498	0.018019	0.65690	0.65870	2.3675	75.566	75.618	1441.9	-0.23359	1357.2	0.57597	liquid
282.49	0.10000	55.495	0.018020	0.70730	0.70911	2.5461	75.530	75.597	1444.6	-0.23304	1331.0	0.57739	liquid
283.16	0.10000	55.492	0.018021	0.75769	0.75950	2.7243	75.494	75.577	1447.3	-0.23250	1305.5	0.57880	liquid
283.83	0.10000	55.488	0.018022	0.80807	0.80987	2.9020	75.457	75.558	1449.9	-0.23196	1280.9	0.58019	liquid
284.49	0.10000	55.485	0.018023	0.85844	0.86024	3.0792	75.419	75.540	1452.5	-0.23142	1256.9	0.58156	liquid
285.16	0.10000	55.481	0.018024	0.90879	0.91059	3.2560	75.381	75.523	1455.1	-0.23089	1233.7	0.58291	liquid
285.83	0.10000	55.476	0.018026	0.95913	0.96093	3.4324	75.342	75.506	1457.5	-0.23037	1211.2	0.58425	liquid
286.49	0.10000	55.472	0.018027	1.0095	1.0113	3.6082	75.303	75.491	1460.0	-0.22985	1189.3	0.58558	liquid
287.16	0.10000	55.467	0.018029	1.0598	1.0616	3.7837	75.263	75.477	1462.4	-0.22933	1168.0	0.58688	liquid
287.83	0.10000	55.461	0.018031	1.1101	1.1119	3.9587	75.223	75.463	1464.8	-0.22882	1147.4	0.58818	liquid
288.49	0.10000	55.456	0.018032	1.1604	1.1622	4.1332	75.182	75.450	1467.1	-0.22832	1127.3	0.58946	liquid
289.16	0.10000	55.450	0.018034	1.2107	1.2125	4.3074	75.141	75.437	1469.4	-0.22782	1107.8	0.59072	liquid
289.83	0.10000	55.444	0.018036	1.2610	1.2628	4.4811	75.099	75.426	1471.7	-0.22732	1088.8	0.59197	liquid
290.49	0.10000	55.437	0.018038	1.3113	1.3131	4.6544	75.057	75.415	1473.9	-0.22683	1070.4	0.59321	liquid
291.16	0.10000	55.431	0.018041	1.3615	1.3633	4.8272	75.014	75.404	1476.1	-0.22635	1052.4	0.59443	liquid
291.83	0.10000	55.424	0.018043	1.4118	1.4136	4.9997	74.971	75.395	1478.2	-0.22586	1034.9	0.59565	liquid
292.49	0.10000	55.416	0.018045	1.4621	1.4639	5.1717	74.927	75.385	1480.3	-0.22538	1017.9	0.59684	liquid
293.16	0.10000	55.409	0.018048	1.5123	1.5141	5.3433	74.883	75.377	1482.4	-0.22491	1001.4	0.59803	liquid
293.83	0.10000	55.401	0.018050	1.5625	1.5644	5.5145	74.839	75.369	1484.4	-0.22444	985.23	0.59920	liquid
294.49	0.10000	55.393	0.018053	1.6128	1.6146	5.6853	74.794	75.361	1486.4	-0.22397	969.50	0.60036	liquid
295.16	0.10000	55.385	0.018056	1.6630	1.6648	5.8557	74.748	75.354	1488.4	-0.22351	954.18	0.60151	liquid
295.83	0.10000	55.376	0.018058	1.7133	1.7151	6.0257	74.702	75.347	1490.3	-0.22305	939.25	0.60265	liquid
296.49	0.10000	55.367	0.018061	1.7635	1.7653	6.1953	74.656	75.341	1492.2	-0.22259	924.69	0.60377	liquid
297.16	0.10000	55.358	0.018064	1.8137	1.8155	6.3645	74.609	75.335	1494.0	-0.22214	910.48	0.60488	liquid
297.83	0.10000	55.349	0.018067	1.8639	1.8657	6.5333	74.562	75.330	1495.8	-0.22168	896.63	0.60598	liquid
298.49	0.10000	55.340	0.018070	1.9141	1.9160	6.7017	74.515	75.325	1497.6	-0.22124	883.12	0.60707	liquid
299.16	0.10000	55.330	0.018073	1.9644	1.9662	6.8698	74.467	75.321	1499.4	-0.22079	869.93	0.60815	liquid
299.83	0.10000	55.320	0.018077	2.0146	2.0164	7.0374	74.419	75.316	1501.1	-0.22035	857.05	0.60922	liquid
300.49	0.10000	55.310	0.018080	2.0648	2.0666	7.2047	74.370	75.313	1502.8	-0.21991	844.48	0.61028	liquid
301.16	0.10000	55.299	0.018083	2.1150	2.1168	7.3716	74.321	75.309	1504.4	-0.21948	832.21	0.61133	liquid
301.83	0.10000	55.289	0.018087	2.1652	2.1670	7.5381	74.272	75.306	1506.0	-0.21904	820.22	0.61236	liquid
302.49	0.10000	55.278	0.018090	2.2154	2.2172	7.7043	74.222	75.303	1507.6	-0.21861	808.51	0.61339	liquid
303.16	0.10000	55.267	0.018094	2.2656	2.2674	7.8700	74.172	75.301	1509.2	-0.21819	797.06	0.61441	liquid
303.83	0.10000	55.256	0.018098	2.3158	2.3176	8.0354	74.122	75.298	1510.7	-0.21776	785.88	0.61541	liquid
304.49	0.10000	55.244	0.018102	2.3660	2.3678	8.2005	74.071	75.296	1512.2	-0.21734	774.95	0.61641	liquid
305.16	0.10000	55.232	0.018105	2.4162	2.4180	8.3651	74.020	75.295	1513.7	-0.21692	764.26	0.61739	liquid
305.83	0.10000	55.220	0.018109	2.4664	2.4682	8.5294	73.969	75.293	1515.1	-0.21650	753.81	0.61837	liquid
306.49	0.10000	55.208	0.018113	2.5166	2.5184	8.6934	73.917	75.292	1516.5	-0.21608	743.59	0.61934	liquid
307.16	0.10000	55.196	0.018117	2.5668	2.5686	8.8570	73.865	75.291	1517.9	-0.21567	733.59	0.62029	liquid
307.83	0.10000	55.183	0.018121	2.6170	2.6188	9.0202	73.813	75.291	1519.2	-0.21526	723.81	0.62124	liquid
308.49	0.10000	55.171	0.018126	2.6671	2.6690	9.1831	73.760	75.290	1520.5	-0.21485	714.23	0.62218	liquid
309.16	0.10000	55.158	0.018130	2.7173	2.7192	9.3456	73.707	75.290	1521.8	-0.21444	704.87	0.62311	liquid
309.83	0.10000	55.145	0.018134	2.7675	2.7693	9.5078	73.654	75.290	1523.1	-0.21403	695.69	0.62403	liquid
310.49	0.10000	55.131	0.018139	2.8177	2.8195	9.6696	73.600	75.290	1524.3	-0.21363	686.72	0.62494	liquid
311.16	0.10000	55.118	0.018143	2.8679	2.8697	9.8311	73.546	75.291	1525.5	-0.21323	677.92	0.62584	liquid
311.83	0.10000	55.104	0.018147	2.9181	2.9199	9.9922	73.492	75.291	1526.7	-0.21283	669.31	0.62674	liquid
312.49	0.10000	55.090	0.018152	2.9683	2.9701	10.153	73.437	75.292	1527.8	-0.21243	660.88	0.62762	liquid
313.16	0.10000	55.076	0.018157	3.0185	3.0203	10.313	73.383	75.293	1528.9	-0.21203	652.62	0.62850	liquid
313.83	0.10000	55.062	0.018161	3.0687	3.0705	10.474	73.328	75.295	1530.0	-0.21163	644.52	0.62936	liquid
314.49	0.10000	55.048	0.018166	3.1189	3.1207	10.633	73.273	75.296	1531.1	-0.21124	636.59	0.63022	liquid
315.16	0.10000	55.033	0.018171	3.1691	3.1709	10.793	73.217	75.297	1532.1	-0.21085	628.82	0.63107	liquid
315.83	0.10000	55.018	0.018176	3.2193	3.2211	10.952	73.161	75.299	1533.1	-0.21046	621.20	0.63191	liquid
316.49	0.10000	55.003	0.018181	3.2695	3.2713	11.111	73.105	75.301	1534.1	-0.21007	613.72	0.63275	liquid
317.16	0.10000	54.988	0.018186	3.3197	3.3215	11.269	73.049	75.303	1535.1	-0.20968	606.40	0.63357	liquid
317.83	0.10000	54.973	0.018191	3.3699	3.3717	11.427	72.992	75.305	1536.0	-0.20929	599.21	0.63439	liquid
318.49	0.10000	54.957	0.018196	3.4201	3.4219	11.585	72.936	75.308	1536.9	-0.20891	592.17	0.63520	liquid
319.16	0.10000	54.942	0.018201	3.4703	3.4721	11.743	72.879	75.310	1537.8	-0.20852	585.26	0.63600	liquid
319.83	0.10000	54.926	0.018206	3.5205	3.5223	11.900	72.821	75.313	1538.7	-0.20814	578.48	0.63679	liquid
320.49	0.10000	54.910	0.018212	3.5707	3.5725	12.057	72.764	75.316	1539.5	-0.20776	571.83	0.63757	liquid
321.16	0.10000	54.894	0.018217	3.6209	3.6227	12.213	72.706	75.319	1540.3	-0.20738	565.30	0.63835	liquid
321.83	0.10000	54.877	0.018222	3.6711	3.6729	12.369	72.648	75.322	1541.1	-0.20700	558.89	0.63912	liquid
322.49	0.10000	54.861	0.018228	3.7213	3.7232	12.525	72.590	75.325	1541.8	-0.20662	552.61	0.63988	liquid
323.16	0.10000	54.844	0.018234	3.7715	3.7734	12.681	72.532	75.328	1542.6	-0.20624	546.44	0.64063	liquid
323.83	0.10000	54.827	0.018239	3.8218	3.8236	12.836	72.474	75.332	1543.3	-0.20586	540.38	0.64137	liquid
324.49	0.10000	54.810	0.018245	3.8720	3.8738	12.991	72.415	75.335	1544.0	-0.20549	534.43	0.64211	liquid
325.16	0.10000	54.793	0.018250	3.9222	3.9240	13.145	72.356	75.339	1544.7	-0.20511	528.59	0.64284	liquid
325.83	0.10000	54.776	0.018256	3.9724	3.9743	13.300	72.297	75.343	1545.3	-0.20474	522.85	0.64356	liquid
326.49	0.10000	54.758	0.018262	4.0227	4.0245	13.454	72.238	75.347	1545.9	-0.20437	517.21	0.64428	liquid
327.16	0.10000	54.741	0.018268	4.0729	4.0747	13.607	72.178	75.351	1546.5	-0.20399	511.68	0.64498	liquid
327.83	0.10000	54.723	0.018274	4.1231	4.1250	13.761	72.119	75.355	1547.1	-0.20362	506.24	0.64568	liquid
328.49	0.10000	54.705	0.018280	4.1734	4.1752	13.914	72.059	75.359	1547.7	-0.20325	500.90	0.64637	liquid
329.16	0.10000	54.687	0.018286	4.2236	4.2254	14.067	71.999	75.364	1548.2	-0.20288	495.64	0.64706	liquid
329.83	0.10000	54.669	0.018292	4.2738	4.2757	14.219	71.939	75.368	1548.7	-0.20251	490.49	0.64773	liquid
330.49	0.10000	54.650	0.018298	4.3241	4.3259	14.371	71.879	75.373	1549.2	-0.20214	485.41	0.64840	liquid
331.16	0.10000	54.632	0.018304	4.3743	4.3762	14.523	71.818	75.378	1549.7	-0.20177	480.43	0.64907	liquid
331.83	0.10000	54.613	0.018311	4.4246	4.4264	14.675	71.758	75.383	1550.1	-0.20140	475.53	0.64972	liquid
332.49	0.10000	54.594	0.018317	4.4748	4.4767	14.826	71.697	75.388	1550.6	-0.20103	470.71	0.65037	liquid
333.16	0.10000	54.575	0.018323	4.5251	4.5269	14.977	71.636	75.393	1551.0	-0.20066	465.97	0.65101	liquid
333.83	0.10000	54.556	0.018330	4.5754	4.5772	15.128	71.575	75.398	1551.4	-0.20030	461.32	0.65164	liquid
334.49	0.10000	54.537	0.018336	4.6256	4.6275	15.278	71.514	75.404	1551.7	-0.19993	456.74	0.65227	liquid
335.16	0.10000	54.518	0.018343	4.6759	4.6777	15.428	71.453	75.409	1552.1	-0.19956	452.23	0.65289	liquid
335.83	0.10000	54.498	0.018349	4.7262	4.7280	15.578	71.392	75.415	1552.4	-0.19920	447.80	0.65350	liquid
336.49	0.10000	54.478	0.018356	4.7764	4.7783	15.728	71.331	75.421	1552.7	-0.19883	443.44	0.65410	liquid
337.16	0.10000	54.459	0.018363	4.8267	4.8286	15.877	71.269	75.427	1553.0	-0.19846	439.15	0.65470	liquid
337.83	0.10000	54.439	0.018369	4.8770	4.8788	16.026	71.207	75.433	1553.3	-0.19810	434.93	0.65529	liquid
338.49	0.10000	54.419	0.018376	4.9273	4.9291	16.175	71.146	75.439	1553.5	-0.19773	430.78	0.65587	liquid
339.16	0.10000	54.398	0.018383	4.9776	4.9794	16.323	71.084	75.445	1553.8	-0.19737	426.70	0.65645	liquid
339.83	0.10000	54.378	0.018390	5.0279	5.0297	16.471	71.022	75.452	1554.0	-0.19700	422.68	0.65702	liquid
340.49	0.10000	54.357	0.018397	5.0782	5.0800	16.619	70.960	75.458	1554.2	-0.19663	418.72	0.65758	liquid
341.16	0.10000	54.337	0.018404	5.1285	5.1303	16.767	70.898	75.465	1554.3	-0.19627	414.83	0.65814	liquid
341.82	0.10000	54.316	0.018411	5.1788	5.1806	16.914	70.836	75.471	1554.5	-0.19590	410.99	0.65869	liquid
342.49	0.10000	54.295	0.018418	5.2291	5.2310	17.061	70.773	75.478	1554.6	-0.19554	407.22	0.65923	liquid
343.16	0.10000	54.274	0.018425	5.2794	5.2813	17.208	70.711	75.485	1554.7	-0.19517	403.50	0.65976	liquid
343.82	0.10000	54.253	0.018432	5.3298	5.3316	17.355	70.649	75.492	1554.8	-0.19481	399.84	0.66029	liquid
344.49	0.10000	54.231	0.018440	5.3801	5.3819	17.501	70.586	75.500	1554.9	-0.19444	396.24	0.66081	liquid
345.16	0.10000	54.210	0.018447	5.4304	5.4323	17.647	70.524	75.507	1555.0	-0.19407	392.69	0.66133	liquid
345.82	0.10000	54.188	0.018454	5.4808	5.4826	17.792	70.461	75.515	1555.0	-0.19371	389.20	0.66184	liquid
346.49	0.10000	54.167	0.018462	5.5311	5.5330	17.938	70.398	75.522	1555.1	-0.19334	385.76	0.66234	liquid
347.16	0.10000	54.145	0.018469	5.5815	5.5833	18.083	70.336	75.530	1555.1	-0.19297	382.37	0.66284	liquid
347.82	0.10000	54.123	0.018477	5.6318	5.6337	18.228	70.273	75.538	1555.1	-0.19261	379.03	0.66332	liquid
348.49	0.10000	54.101	0.018484	5.6822	5.6840	18.373	70.210	75.546	1555.1	-0.19224	375.74	0.66381	liquid
349.16	0.10000	54.078	0.018492	5.7325	5.7344	18.517	70.147	75.554	1555.0	-0.19187	372.50	0.66428	liquid
349.82	0.10000	54.056	0.018499	5.7829	5.7848	18.661	70.084	75.562	1555.0	-0.19150	369.30	0.66475	liquid
350.49	0.10000	54.034	0.018507	5.8333	5.8351	18.805	70.021	75.571	1554.9	-0.19113	366.15	0.66521	liquid
351.16	0.10000	54.011	0.018515	5.8837	5.8855	18.949	69.959	75.579	1554.8	-0.19076	363.05	0.66567	liquid
351.82	0.10000	53.988	0.018523	5.9341	5.9359	19.092	69.896	75.588	1554.7	-0.19040	360.00	0.66612	liquid
352.49	0.10000	53.965	0.018530	5.9844	5.9863	19.235	69.833	75.597	1554.6	-0.19003	356.98	0.66656	liquid
353.16	0.10000	53.942	0.018538	6.0348	6.0367	19.378	69.770	75.606	1554.4	-0.18966	354.01	0.66700	liquid
353.82	0.10000	53.919	0.018546	6.0852	6.0871	19.521	69.707	75.615	1554.3	-0.18928	351.09	0.66743	liquid
354.49	0.10000	53.896	0.018554	6.1357	6.1375	19.663	69.643	75.624	1554.1	-0.18891	348.20	0.66785	liquid
355.16	0.10000	53.873	0.018562	6.1861	6.1879	19.805	69.580	75.634	1553.9	-0.18854	345.36	0.66827	liquid
355.82	0.10000	53.849	0.018570	6.2365	6.2384	19.947	69.517	75.643	1553.7	-0.18817	342.55	0.66868	liquid
356.49	0.10000	53.825	0.018579	6.2869	6.2888	20.088	69.454	75.653	1553.5	-0.18780	339.79	0.66909	liquid
357.16	0.10000	53.802	0.018587	6.3374	6.3392	20.230	69.391	75.663	1553.3	-0.18742	337.06	0.66948	liquid
357.82	0.10000	53.778	0.018595	6.3878	6.3897	20.371	69.328	75.673	1553.0	-0.18705	334.37	0.66988	liquid
358.49	0.10000	53.754	0.018603	6.4383	6.4401	20.512	69.265	75.683	1552.7	-0.18667	331.72	0.67026	liquid
359.16	0.10000	53.730	0.018612	6.4887	6.4906	20.652	69.202	75.693	1552.5	-0.18630	329.11	0.67064	liquid
359.82	0.10000	53.705	0.018620	6.5392	6.5410	20.793	69.139	75.704	1552.2	-0.18592	326.53	0.67102	liquid
360.49	0.10000	53.681	0.018629	6.5896	6.5915	20.933	69.076	75.714	1551.8	-0.18554	323.98	0.67138	liquid
361.16	0.10000	53.657	0.018637	6.6401	6.6420	21.073	69.013	75.725	1551.5	-0.18516	321.47	0.67175	liquid
361.82	0.10000	53.632	0.018646	6.6906	6.6925	21.212	68.950	75.736	1551.2	-0.18478	319.00	0.67210	liquid
362.49	0.10000	53.607	0.018654	6.7411	6.7430	21.352	68.887	75.747	1550.8	-0.18440	316.56	0.67245	liquid
363.16	0.10000	53.583	0.018663	6.7916	6.7935	21.491	68.824	75.758	1550.4	-0.18402	314.15	0.67279	liquid
363.82	0.10000	53.558	0.018671	6.8421	6.8440	21.630	68.761	75.769	1550.1	-0.18364	311.77	0.67313	liquid
364.49	0.10000	53.533	0.018680	6.8926	6.8945	21.769	68.698	75.781	1549.7	-0.18326	309.42	0.67346	liquid
365.16	0.10000	53.507	0.018689	6.9431	6.9450	21.907	68.635	75.793	1549.2	-0.18287	307.11	0.67378	liquid
365.82	0.10000	53.482	0.018698	6.9937	6.9955	22.045	68.572	75.805	1548.8	-0.18249	304.82	0.67410	liquid
366.49	0.10000	53.457	0.018707	7.0442	7.0461	22.183	68.509	75.817	1548.4	-0.18210	302.57	0.67441	liquid
367.16	0.10000	53.431	0.018716	7.0948	7.0966	22.321	68.447	75.829	1547.9	-0.18172	300.34	0.67472	liquid
367.82	0.10000	53.405	0.018725	7.1453	7.1472	22.459	68.384	75.841	1547.4	-0.18133	298.15	0.67502	liquid
368.49	0.10000	53.380	0.018734	7.1959	7.1978	22.596	68.321	75.854	1546.9	-0.18094	295.98	0.67532	liquid
369.16	0.10000	53.354	0.018743	7.2465	7.2483	22.733	68.259	75.867	1546.4	-0.18055	293.84	0.67560	liquid
369.82	0.10000	53.328	0.018752	7.2970	7.2989	22.870	68.196	75.880	1545.9	-0.18016	291.73	0.67589	liquid
370.49	0.10000	53.302	0.018761	7.3476	7.3495	23.007	68.133	75.893	1545.4	-0.17977	289.64	0.67616	liquid
371.16	0.10000	53.276	0.018770	7.3982	7.4001	23.143	68.071	75.906	1544.9	-0.17937	287.58	0.67644	liquid
371.82	0.10000	53.249	0.018780	7.4488	7.4507	23.280	68.008	75.919	1544.3	-0.17898	285.55	0.67670	liquid
372.49	0.10000	53.223	0.018789	7.4994	7.5013	23.416	67.946	75.933	1543.7	-0.17858	283.54	0.67696	liquid
372.76	0.10000	53.212	0.018793	7.5196	7.5214	23.470	67.921	75.938	1543.5	-0.17843	282.75	0.67706	liquid
372.76	0.10000	0.032769	30.517	45.138	48.190	132.57	28.010	37.444	471.99	67.038	12.218	0.024532	vapor
373.16	0.10000	0.032731	30.552	45.150	48.205	132.61	27.986	37.410	472.28	66.630	12.234	0.024565	vapor
373.82	0.10000	0.032668	30.611	45.169	48.230	132.68	27.948	37.356	472.76	65.966	12.260	0.024620	vapor
374.49	0.10000	0.032605	30.670	45.188	48.255	132.75	27.912	37.304	473.23	65.317	12.285	0.024675	vapor
375.16	0.10000	0.032543	30.729	45.207	48.280	132.81	27.877	37.255	473.70	64.683	12.311	0.024731	vapor
375.82	0.10000	0.032480	30.788	45.226	48.304	132.88	27.844	37.207	474.17	64.063	12.337	0.024786	vapor
376.49	0.10000	0.032418	30.847	45.245	48.329	132.94	27.812	37.161	474.64	63.456	12.362	0.024841	vapor
377.16	0.10000	0.032357	30.905	45.263	48.354	133.01	27.782	37.116	475.11	62.861	12.388	0.024897	vapor
377.82	0.10000	0.032295	30.964	45.282	48.379	133.07	27.752	37.074	475.57	62.278	12.414	0.024952	vapor
378.49	0.10000	0.032234	31.023	45.301	48.403	133.14	27.724	37.032	476.04	61.706	12.440	0.025008	vapor
379.16	0.10000	0.032173	31.082	45.320	48.428	133.21	27.697	36.992	476.50	61.145	12.465	0.025063	vapor
379.82	0.10000	0.032113	31.140	45.339	48.453	133.27	27.671	36.954	476.96	60.593	12.491	0.025119	vapor
380.49	0.10000	0.032053	31.199	45.357	48.477	133.33	27.645	36.916	477.41	60.052	12.517	0.025175	vapor
381.16	0.10000	0.031993	31.257	45.376	48.502	133.40	27.621	36.880	477.87	59.519	12.543	0.025230	vapor
381.82	0.10000	0.031933	31.316	45.395	48.527	133.46	27.598	36.845	478.32	58.996	12.569	0.025286	vapor
382.49	0.10000	0.031873	31.374	45.414	48.551	133.53	27.575	36.811	478.78	58.481	12.595	0.025342	vapor
383.16	0.10000	0.031814	31.433	45.432	48.576	133.59	27.553	36.777	479.23	57.974	12.620	0.025398	vapor
383.82	0.10000	0.031755	31.491	45.451	48.600	133.66	27.532	36.745	479.68	57.475	12.646	0.025453	vapor
384.49	0.10000	0.031696	31.549	45.470	48.625	133.72	27.511	36.714	480.13	56.984	12.672	0.025509	vapor
385.16	0.10000	0.031638	31.608	45.488	48.649	133.78	27.491	36.683	480.58	56.500	12.698	0.025565	vapor
385.82	0.10000	0.031580	31.666	45.507	48.673	133.85	27.472	36.654	481.03	56.023	12.724	0.025621	vapor
386.49	0.10000	0.031522	31.724	45.525	48.698	133.91	27.453	36.625	481.47	55.554	12.750	0.025678	vapor
387.16	0.10000	0.031464	31.782	45.544	48.722	133.97	27.435	36.597	481.92	55.090	12.776	0.025734	vapor
387.82	0.10000	0.031406	31.841	45.563	48.747	134.04	27.417	36.569	482.36	54.634	12.802	0.025790	vapor
388.49	0.10000	0.031349	31.899	45.581	48.771	134.10	27.400	36.543	482.80	54.183	12.828	0.025846	vapor
389.16	0.10000	0.031292	31.957	45.600	48.795	134.16	27.384	36.517	483.25	53.739	12.854	0.025902	vapor
389.82	0.10000	0.031235	32.015	45.618	48.820	134.22	27.367	36.491	483.69	53.300	12.880	0.025959	vapor
390.49	0.10000	0.031179	32.073	45.637	48.844	134.29	27.352	36.466	484.13	52.868	12.906	0.026015	vapor
391.16	0.10000	0.031123	32.131	45.655	48.868	134.35	27.336	36.442	484.57	52.441	12.932	0.026071	vapor
391.82	0.10000	0.031067	32.189	45.674	48.893	134.41	27.322	36.419	485.00	52.019	12.958	0.026128	vapor
392.49	0.10000	0.031011	32.247	45.692	48.917	134.47	27.307	36.396	485.44	51.603	12.984	0.026184	vapor
393.16	0.10000	0.030955	32.305	45.711	48.941	134.53	27.293	36.373	485.88	51.192	13.010	0.026241	vapor
393.82	0.10000	0.030900	32.363	45.729	48.965	134.60	27.280	36.351	486.31	50.786	13.036	0.026298	vapor
394.49	0.10000	0.030844	32.421	45.748	48.990	134.66	27.266	36.330	486.75	50.386	13.062	0.026354	vapor
395.16	0.10000	0.030789	32.479	45.766	49.014	134.72	27.254	36.309	487.18	49.990	13.088	0.026411	vapor
395.82	0.10000	0.030735	32.536	45.784	49.038	134.78	27.241	36.288	487.61	49.599	13.114	0.026468	vapor
396.49	0.10000	0.030680	32.594	45.803	49.062	134.84	27.229	36.268	488.05	49.213	13.140	0.026525	vapor
397.16	0.10000	0.030626	32.652	45.821	49.086	134.90	27.217	36.249	488.48	48.831	13.166	0.026582	vapor
397.82	0.10000	0.030572	32.710	45.840	49.111	134.96	27.206	36.230	488.91	48.454	13.192	0.026639	vapor
398.49	0.10000	0.030518	32.768	45.858	49.135	135.02	27.194	36.211	489.34	48.082	13.218	0.026696	vapor
399.16	0.10000	0.030464	32.825	45.876	49.159	135.08	27.183	36.193	489.77	47.714	13.245	0.026753	vapor
399.82	0.10000	0.030411	32.883	45.895	49.183	135.14	27.173	36.175	490.19	47.350	13.271	0.026810	vapor
400.49	0.10000	0.030358	32.941	45.913	49.207	135.20	27.163	36.158	490.62	46.990	13.297	0.026867	vapor
401.16	0.10000	0.030305	32.998	45.931	49.231	135.26	27.153	36.140	491.05	46.635	13.323	0.026924	vapor
401.82	0.10000	0.030252	33.056	45.950	49.255	135.32	27.143	36.124	491.47	46.283	13.349	0.026982	vapor
402.49	0.10000	0.030199	33.114	45.968	49.279	135.38	27.133	36.108	491.90	45.936	13.375	0.027039	vapor
403.16	0.10000	0.030147	33.171	45.986	49.303	135.44	27.124	36.092	492.32	45.593	13.402	0.027096	vapor
403.82	0.10000	0.030094	33.229	46.005	49.327	135.50	27.115	36.076	492.75	45.253	13.428	0.027154	vapor
404.49	0.10000	0.030042	33.286	46.023	49.352	135.56	27.107	36.061	493.17	44.917	13.454	0.027211	vapor
405.16	0.10000	0.029991	33.344	46.041	49.376	135.62	27.098	36.046	493.59	44.585	13.480	0.027269	vapor
405.82	0.10000	0.029939	33.401	46.059	49.400	135.68	27.090	36.032	494.01	44.257	13.507	0.027326	vapor
406.49	0.10000	0.029888	33.459	46.078	49.424	135.74	27.082	36.017	494.43	43.932	13.533	0.027384	vapor
407.16	0.10000	0.029836	33.516	46.096	49.448	135.80	27.074	36.004	494.85	43.611	13.559	0.027442	vapor
407.82	0.10000	0.029785	33.574	46.114	49.472	135.86	27.067	35.990	495.27	43.294	13.585	0.027499	vapor
408.49	0.10000	0.029734	33.631	46.132	49.496	135.92	27.060	35.977	495.69	42.980	13.612	0.027557	vapor
409.16	0.10000	0.029684	33.688	46.151	49.520	135.98	27.053	35.964	496.11	42.669	13.638	0.027615	vapor
409.82	0.10000	0.029633	33.746	46.169	49.544	136.03	27.046	35.951	496.52	42.362	13.664	0.027673	vapor
410.49	0.10000	0.029583	33.803	46.187	49.568	136.09	27.039	35.939	496.94	42.058	13.691	0.027731	vapor
411.16	0.10000	0.029533	33.861	46.205	49.591	136.15	27.033	35.927	497.36	41.758	13.717	0.027789	vapor
411.82	0.10000	0.029483	33.918	46.224	49.615	136.21	27.027	35.915	497.77	41.460	13.743	0.027847	vapor
412.49	0.10000	0.029433	33.975	46.242	49.639	136.27	27.021	35.904	498.19	41.166	13.770	0.027905	vapor
413.16	0.10000	0.029384	34.032	46.260	49.663	136.33	27.015	35.892	498.60	40.875	13.796	0.027964	vapor
413.82	0.10000	0.029334	34.090	46.278	49.687	136.38	27.009	35.881	499.01	40.587	13.822	0.028022	vapor
414.49	0.10000	0.029285	34.147	46.296	49.711	136.44	27.004	35.871	499.43	40.302	13.849	0.028080	vapor
415.16	0.10000	0.029236	34.204	46.315	49.735	136.50	26.999	35.860	499.84	40.021	13.875	0.028139	vapor
415.82	0.10000	0.029187	34.261	46.333	49.759	136.56	26.994	35.850	500.25	39.742	13.902	0.028197	vapor
416.49	0.10000	0.029139	34.319	46.351	49.783	136.61	26.989	35.840	500.66	39.466	13.928	0.028256	vapor
417.16	0.10000	0.029090	34.376	46.369	49.807	136.67	26.984	35.831	501.07	39.193	13.954	0.028314	vapor
417.82	0.10000	0.029042	34.433	46.387	49.831	136.73	26.980	35.821	501.48	38.922	13.981	0.028373	vapor
418.49	0.10000	0.028994	34.490	46.405	49.854	136.79	26.975	35.812	501.89	38.655	14.007	0.028431	vapor
419.16	0.10000	0.028946	34.547	46.424	49.878	136.84	26.971	35.803	502.30	38.390	14.034	0.028490	vapor
419.82	0.10000	0.028898	34.604	46.442	49.902	136.90	26.967	35.794	502.70	38.129	14.060	0.028549	vapor
420.49	0.10000	0.028850	34.662	46.460	49.926	136.96	26.963	35.786	503.11	37.869	14.087	0.028608	vapor
421.16	0.10000	0.028803	34.719	46.478	49.950	137.01	26.960	35.777	503.52	37.613	14.113	0.028667	vapor
421.82	0.10000	0.028756	34.776	46.496	49.974	137.07	26.956	35.769	503.92	37.359	14.140	0.028726	vapor
422.49	0.10000	0.028709	34.833	46.514	49.998	137.13	26.953	35.761	504.33	37.108	14.166	0.028785	vapor
423.16	0.10000	0.028662	34.890	46.532	50.021	137.18	26.949	35.754	504.73	36.859	14.193	0.028844	vapor
423.82	0.10000	0.028615	34.947	46.551	50.045	137.24	26.946	35.746	505.14	36.613	14.219	0.028903	vapor
424.49	0.10000	0.028568	35.004	46.569	50.069	137.29	26.943	35.739	505.54	36.369	14.246	0.028962	vapor
425.16	0.10000	0.028522	35.061	46.587	50.093	137.35	26.941	35.732	505.94	36.128	14.272	0.029021	vapor
425.82	0.10000	0.028476	35.118	46.605	50.117	137.41	26.938	35.725	506.35	35.889	14.299	0.029080	vapor
426.49	0.10000	0.028429	35.175	46.623	50.141	137.46	26.935	35.718	506.75	35.653	14.325	0.029140	vapor
427.16	0.10000	0.028383	35.232	46.641	50.164	137.52	26.933	35.712	507.15	35.418	14.352	0.029199	vapor
427.82	0.10000	0.028338	35.289	46.659	50.188	137.57	26.931	35.706	507.55	35.187	14.378	0.029259	vapor
428.49	0.10000	0.028292	35.346	46.677	50.212	137.63	26.929	35.699	507.95	34.957	14.405	0.029318	vapor
429.16	0.10000	0.028246	35.403	46.696	50.236	137.69	26.927	35.693	508.35	34.730	14.432	0.029378	vapor
429.82	0.10000	0.028201	35.460	46.714	50.260	137.74	26.925	35.688	508.75	34.505	14.458	0.029437	vapor
430.49	0.10000	0.028156	35.516	46.732	50.283	137.80	26.923	35.682	509.15	34.283	14.485	0.029497	vapor
431.16	0.10000	0.028111	35.573	46.750	50.307	137.85	26.921	35.677	509.55	34.062	14.512	0.029557	vapor
431.82	0.10000	0.028066	35.630	46.768	50.331	137.91	26.920	35.671	509.95	33.844	14.538	0.029617	vapor
432.49	0.10000	0.028021	35.687	46.786	50.355	137.96	26.919	35.666	510.34	33.627	14.565	0.029676	vapor
433.16	0.10000	0.027977	35.744	46.804	50.378	138.02	26.917	35.661	510.74	33.413	14.591	0.029736	vapor
433.82	0.10000	0.027932	35.801	46.822	50.402	138.07	26.916	35.657	511.14	33.201	14.618	0.029796	vapor
434.49	0.10000	0.027888	35.858	46.840	50.426	138.13	26.915	35.652	511.53	32.991	14.645	0.029856	vapor
435.16	0.10000	0.027844	35.914	46.858	50.450	138.18	26.914	35.648	511.93	32.783	14.671	0.029916	vapor
435.82	0.10000	0.027800	35.971	46.876	50.474	138.24	26.913	35.643	512.32	32.577	14.698	0.029977	vapor
436.49	0.10000	0.027756	36.028	46.895	50.497	138.29	26.913	35.639	512.72	32.373	14.725	0.030037	vapor
437.16	0.10000	0.027713	36.085	46.913	50.521	138.34	26.912	35.635	513.11	32.171	14.751	0.030097	vapor
437.82	0.10000	0.027669	36.142	46.931	50.545	138.40	26.912	35.631	513.50	31.971	14.778	0.030157	vapor
438.49	0.10000	0.027626	36.198	46.949	50.569	138.45	26.911	35.628	513.89	31.773	14.805	0.030218	vapor
439.16	0.10000	0.027582	36.255	46.967	50.592	138.51	26.911	35.624	514.29	31.577	14.832	0.030278	vapor
439.82	0.10000	0.027539	36.312	46.985	50.616	138.56	26.911	35.620	514.68	31.382	14.858	0.030339	vapor
440.49	0.10000	0.027496	36.369	47.003	50.640	138.61	26.911	35.617	515.07	31.190	14.885	0.030399	vapor
441.16	0.10000	0.027453	36.425	47.021	50.664	138.67	26.911	35.614	515.46	30.999	14.912	0.030460	vapor
441.82	0.10000	0.027411	36.482	47.039	50.687	138.72	26.911	35.611	515.85	30.810	14.939	0.030521	vapor
442.49	0.10000	0.027368	36.539	47.057	50.711	138.78	26.911	35.608	516.24	30.623	14.965	0.030581	vapor
443.16	0.10000	0.027326	36.595	47.075	50.735	138.83	26.911	35.605	516.63	30.437	14.992	0.030642	vapor
443.82	0.10000	0.027284	36.652	47.093	50.759	138.88	26.912	35.603	517.02	30.253	15.019	0.030703	vapor
444.49	0.10000	0.027242	36.709	47.111	50.782	138.94	26.912	35.600	517.41	30.071	15.046	0.030764	vapor
445.16	0.10000	0.027200	36.765	47.129	50.806	138.99	26.913	35.598	517.79	29.891	15.072	0.030825	vapor
445.82	0.10000	0.027158	36.822	47.148	50.830	139.04	26.914	35.595	518.18	29.712	15.099	0.030886	vapor
446.49	0.10000	0.027116	36.879	47.166	50.853	139.10	26.914	35.593	518.57	29.535	15.126	0.030947	vapor
447.16	0.10000	0.027074	36.935	47.184	50.877	139.15	26.915	35.591	518.96	29.359	15.153	0.031008	vapor
447.82	0.10000	0.027033	36.992	47.202	50.901	139.20	26.916	35.589	519.34	29.186	15.180	0.031069	vapor
448.49	0.10000	0.026992	37.048	47.220	50.925	139.26	26.917	35.588	519.73	29.013	15.207	0.031130	vapor
449.16	0.10000	0.026950	37.105	47.238	50.948	139.31	26.918	35.586	520.11	28.843	15.233	0.031192	vapor
449.82	0.10000	0.026909	37.162	47.256	50.972	139.36	26.919	35.584	520.50	28.673	15.260	0.031253	vapor
450.49	0.10000	0.026869	37.218	47.274	50.996	139.41	26.920	35.583	520.88	28.506	15.287	0.031314	vapor
451.16	0.10000	0.026828	37.275	47.292	51.020	139.47	26.922	35.581	521.27	28.340	15.314	0.031376	vapor
451.82	0.10000	0.026787	37.331	47.310	51.043	139.52	26.923	35.580	521.65	28.175	15.341	0.031437	vapor
452.49	0.10000	0.026747	37.388	47.328	51.067	139.57	26.925	35.579	522.03	28.012	15.368	0.031499	vapor
453.16	0.10000	0.026706	37.444	47.346	51.091	139.62	26.926	35.578	522.41	27.850	15.395	0.031561	vapor
453.82	0.10000	0.026666	37.501	47.364	51.114	139.68	26.928	35.577	522.80	27.690	15.421	0.031622	vapor
454.49	0.10000	0.026626	37.558	47.382	51.138	139.73	26.929	35.576	523.18	27.531	15.448	0.031684	vapor
455.16	0.10000	0.026586	37.614	47.400	51.162	139.78	26.931	35.575	523.56	27.373	15.475	0.031746	vapor
455.82	0.10000	0.026546	37.671	47.418	51.186	139.83	26.933	35.575	523.94	27.217	15.502	0.031808	vapor
456.49	0.10000	0.026506	37.727	47.437	51.209	139.88	26.935	35.574	524.32	27.062	15.529	0.031870	vapor
457.16	0.10000	0.026467	37.784	47.455	51.233	139.94	26.937	35.574	524.70	26.909	15.556	0.031932	vapor
457.82	0.10000	0.026427	37.840	47.473	51.257	139.99	26.939	35.573	525.08	26.757	15.583	0.031994	vapor
458.49	0.10000	0.026388	37.897	47.491	51.280	140.04	26.941	35.573	525.46	26.606	15.610	0.032056	vapor
459.16	0.10000	0.026348	37.953	47.509	51.304	140.09	26.943	35.573	525.84	26.457	15.637	0.032118	vapor
459.82	0.10000	0.026309	38.010	47.527	51.328	140.14	26.945	35.573	526.22	26.309	15.664	0.032180	vapor
460.49	0.10000	0.026270	38.066	47.545	51.352	140.19	26.948	35.573	526.59	26.162	15.691	0.032242	vapor
461.16	0.10000	0.026231	38.122	47.563	51.375	140.25	26.950	35.573	526.97	26.016	15.718	0.032305	vapor
461.82	0.10000	0.026192	38.179	47.581	51.399	140.30	26.952	35.573	527.35	25.872	15.745	0.032367	vapor
462.49	0.10000	0.026154	38.235	47.599	51.423	140.35	26.955	35.573	527.72	25.729	15.772	0.032430	vapor
463.16	0.10000	0.026115	38.292	47.617	51.446	140.40	26.957	35.573	528.10	25.587	15.799	0.032492	vapor
463.82	0.10000	0.026077	38.348	47.635	51.470	140.45	26.960	35.574	528.48	25.446	15.826	0.032555	vapor
464.49	0.10000	0.026039	38.405	47.653	51.494	140.50	26.963	35.574	528.85	25.307	15.853	0.032617	vapor
465.16	0.10000	0.026000	38.461	47.671	51.518	140.55	26.965	35.575	529.23	25.169	15.880	0.032680	vapor
465.82	0.10000	0.025962	38.517	47.690	51.541	140.60	26.968	35.576	529.60	25.032	15.907	0.032743	vapor
466.49	0.10000	0.025924	38.574	47.708	51.565	140.66	26.971	35.576	529.98	24.896	15.934	0.032805	vapor
467.16	0.10000	0.025887	38.630	47.726	51.589	140.71	26.974	35.577	530.35	24.761	15.961	0.032868	vapor
467.82	0.10000	0.025849	38.687	47.744	51.612	140.76	26.977	35.578	530.72	24.627	15.988	0.032931	vapor
468.49	0.10000	0.025811	38.743	47.762	51.636	140.81	26.980	35.579	531.10	24.495	16.015	0.032994	vapor
469.16	0.10000	0.025774	38.799	47.780	51.660	140.86	26.983	35.580	531.47	24.363	16.042	0.033057	vapor
469.82	0.10000	0.025736	38.856	47.798	51.684	140.91	26.986	35.581	531.84	24.233	16.069	0.033120	vapor
470.49	0.10000	0.025699	38.912	47.816	51.707	140.96	26.989	35.582	532.21	24.103	16.096	0.033183	vapor
471.16	0.10000	0.025662	38.968	47.834	51.731	141.01	26.992	35.583	532.58	23.975	16.123	0.033246	vapor
471.82	0.10000	0.025625	39.025	47.852	51.755	141.06	26.995	35.585	532.96	23.848	16.150	0.033309	vapor
472.49	0.10000	0.025588	39.081	47.870	51.778	141.11	26.999	35.586	533.33	23.722	16.177	0.033373	vapor
473.16	0.10000	0.025551	39.137	47.888	51.802	141.16	27.002	35.588	533.70	23.597	16.204	0.033436	vapor
473.82	0.10000	0.025514	39.194	47.907	51.826	141.21	27.005	35.589	534.07	23.473	16.231	0.033499	vapor
474.49	0.10000	0.025478	39.250	47.925	51.850	141.26	27.009	35.591	534.44	23.350	16.258	0.033563	vapor
475.15	0.10000	0.025441	39.306	47.943	51.873	141.31	27.012	35.592	534.81	23.227	16.285	0.033626	vapor
475.82	0.10000	0.025405	39.363	47.961	51.897	141.36	27.016	35.594	535.17	23.106	16.313	0.033690	vapor
476.49	0.10000	0.025369	39.419	47.979	51.921	141.41	27.019	35.596	535.54	22.986	16.340	0.033754	vapor
477.15	0.10000	0.025332	39.475	47.997	51.945	141.46	27.023	35.598	535.91	22.867	16.367	0.033817	vapor
477.82	0.10000	0.025296	39.531	48.015	51.968	141.51	27.027	35.599	536.28	22.749	16.394	0.033881	vapor
478.49	0.10000	0.025260	39.588	48.033	51.992	141.56	27.030	35.601	536.65	22.632	16.421	0.033945	vapor
479.15	0.10000	0.025224	39.644	48.051	52.016	141.61	27.034	35.603	537.01	22.515	16.448	0.034008	vapor
479.82	0.10000	0.025189	39.700	48.069	52.039	141.66	27.038	35.605	537.38	22.400	16.475	0.034072	vapor
480.49	0.10000	0.025153	39.757	48.088	52.063	141.71	27.042	35.608	537.75	22.285	16.502	0.034136	vapor
481.15	0.10000	0.025118	39.813	48.106	52.087	141.76	27.046	35.610	538.11	22.172	16.530	0.034200	vapor
481.82	0.10000	0.025082	39.869	48.124	52.111	141.81	27.050	35.612	538.48	22.059	16.557	0.034264	vapor
482.49	0.10000	0.025047	39.925	48.142	52.134	141.86	27.053	35.614	538.84	21.947	16.584	0.034328	vapor
483.15	0.10000	0.025012	39.982	48.160	52.158	141.90	27.057	35.617	539.21	21.836	16.611	0.034393	vapor
483.82	0.10000	0.024976	40.038	48.178	52.182	141.95	27.062	35.619	539.57	21.726	16.638	0.034457	vapor
484.49	0.10000	0.024941	40.094	48.196	52.206	142.00	27.066	35.622	539.94	21.617	16.665	0.034521	vapor
485.15	0.10000	0.024906	40.150	48.214	52.229	142.05	27.070	35.624	540.30	21.509	16.693	0.034585	vapor
485.82	0.10000	0.024872	40.206	48.233	52.253	142.10	27.074	35.627	540.66	21.401	16.720	0.034650	vapor
486.49	0.10000	0.024837	40.263	48.251	52.277	142.15	27.078	35.629	541.03	21.294	16.747	0.034714	vapor
487.15	0.10000	0.024802	40.319	48.269	52.301	142.20	27.082	35.632	541.39	21.189	16.774	0.034779	vapor
487.82	0.10000	0.024768	40.375	48.287	52.324	142.25	27.087	35.635	541.75	21.084	16.801	0.034843	vapor
488.49	0.10000	0.024733	40.431	48.305	52.348	142.30	27.091	35.638	542.11	20.979	16.829	0.034908	vapor
489.15	0.10000	0.024699	40.488	48.323	52.372	142.34	27.095	35.640	542.48	20.876	16.856	0.034972	vapor
489.82	0.10000	0.024665	40.544	48.341	52.396	142.39	27.100	35.643	542.84	20.773	16.883	0.035037	vapor
490.49	0.10000	0.024631	40.600	48.359	52.419	142.44	27.104	35.646	543.20	20.671	16.910	0.035102	vapor
491.15	0.10000	0.024597	40.656	48.378	52.443	142.49	27.108	35.649	543.56	20.570	16.937	0.035167	vapor
491.82	0.10000	0.024563	40.712	48.396	52.467	142.54	27.113	35.652	543.92	20.470	16.965	0.035232	vapor
492.49	0.10000	0.024529	40.768	48.414	52.491	142.59	27.117	35.655	544.28	20.370	16.992	0.035297	vapor
493.15	0.10000	0.024495	40.825	48.432	52.515	142.63	27.122	35.658	544.64	20.271	17.019	0.035362	vapor
493.82	0.10000	0.024461	40.881	48.450	52.538	142.68	27.126	35.662	545.00	20.173	17.046	0.035427	vapor
494.49	0.10000	0.024428	40.937	48.468	52.562	142.73	27.131	35.665	545.36	20.076	17.074	0.035492	vapor
495.15	0.10000	0.024394	40.993	48.487	52.586	142.78	27.136	35.668	545.72	19.979	17.101	0.035557	vapor
495.82	0.10000	0.024361	41.049	48.505	52.610	142.83	27.140	35.671	546.07	19.883	17.128	0.035622	vapor
496.49	0.10000	0.024328	41.105	48.523	52.633	142.87	27.145	35.675	546.43	19.788	17.155	0.035687	vapor
497.15	0.10000	0.024295	41.161	48.541	52.657	142.92	27.150	35.678	546.79	19.693	17.183	0.035753	vapor
497.82	0.10000	0.024261	41.218	48.559	52.681	142.97	27.155	35.681	547.15	19.600	17.210	0.035818	vapor
498.49	0.10000	0.024228	41.274	48.577	52.705	143.02	27.159	35.685	547.51	19.506	17.237	0.035883	vapor
499.15	0.10000	0.024196	41.330	48.596	52.729	143.07	27.164	35.688	547.86	19.414	17.264	0.035949	vapor
499.82	0.10000	0.024163	41.386	48.614	52.752	143.11	27.169	35.692	548.22	19.322	17.292	0.036014	vapor
500.49	0.10000	0.024130	41.442	48.632	52.776	143.16	27.174	35.696	548.57	19.231	17.319	0.036080	vapor
501.15	0.10000	0.024097	41.498	48.650	52.800	143.21	27.179	35.699	548.93	19.141	17.346	0.036145	vapor
501.82	0.10000	0.024065	41.554	48.668	52.824	143.26	27.184	35.703	549.29	19.051	17.374	0.036211	vapor
502.49	0.10000	0.024032	41.610	48.687	52.848	143.30	27.189	35.707	549.64	18.962	17.401	0.036277	vapor
503.15	0.10000	0.024000	41.667	48.705	52.871	143.35	27.194	35.710	550.00	18.873	17.428	0.036343	vapor
503.82	0.10000	0.023968	41.723	48.723	52.895	143.40	27.199	35.714	550.35	18.785	17.456	0.036408	vapor
504.49	0.10000	0.023936	41.779	48.741	52.919	143.45	27.204	35.718	550.70	18.698	17.483	0.036474	vapor
505.15	0.10000	0.023904	41.835	48.759	52.943	143.49	27.209	35.722	551.06	18.612	17.510	0.036540	vapor
505.82	0.10000	0.023872	41.891	48.778	52.967	143.54	27.214	35.726	551.41	18.526	17.538	0.036606	vapor
506.49	0.10000	0.023840	41.947	48.796	52.990	143.59	27.219	35.730	551.76	18.440	17.565	0.036672	vapor
507.15	0.10000	0.023808	42.003	48.814	53.014	143.63	27.224	35.734	552.12	18.355	17.592	0.036738	vapor
507.82	0.10000	0.023776	42.059	48.832	53.038	143.68	27.229	35.738	552.47	18.271	17.620	0.036804	vapor
508.49	0.10000	0.023744	42.115	48.850	53.062	143.73	27.234	35.742	552.82	18.188	17.647	0.036871	vapor
509.15	0.10000	0.023713	42.171	48.869	53.086	143.77	27.240	35.746	553.17	18.105	17.674	0.036937	vapor
509.82	0.10000	0.023681	42.227	48.887	53.110	143.82	27.245	35.750	553.53	18.022	17.702	0.037003	vapor
510.49	0.10000	0.023650	42.283	48.905	53.133	143.87	27.250	35.754	553.88	17.940	17.729	0.037070	vapor
511.15	0.10000	0.023619	42.339	48.923	53.157	143.91	27.256	35.758	554.23	17.859	17.756	0.037136	vapor
511.82	0.10000	0.023587	42.396	48.942	53.181	143.96	27.261	35.762	554.58	17.778	17.784	0.037202	vapor
512.49	0.10000	0.023556	42.452	48.960	53.205	144.01	27.266	35.767	554.93	17.698	17.811	0.037269	vapor
513.15	0.10000	0.023525	42.508	48.978	53.229	144.05	27.272	35.771	555.28	17.619	17.838	0.037336	vapor
513.82	0.10000	0.023494	42.564	48.996	53.253	144.10	27.277	35.775	555.63	17.540	17.866	0.037402	vapor
514.49	0.10000	0.023463	42.620	49.014	53.276	144.15	27.282	35.779	555.98	17.461	17.893	0.037469	vapor
515.15	0.10000	0.023433	42.676	49.033	53.300	144.19	27.288	35.784	556.33	17.383	17.920	0.037535	vapor
515.82	0.10000	0.023402	42.732	49.051	53.324	144.24	27.293	35.788	556.68	17.306	17.948	0.037602	vapor
516.49	0.10000	0.023371	42.788	49.069	53.348	144.29	27.299	35.793	557.03	17.229	17.975	0.037669	vapor
517.15	0.10000	0.023341	42.844	49.088	53.372	144.33	27.304	35.797	557.38	17.153	18.003	0.037736	vapor
517.82	0.10000	0.023310	42.900	49.106	53.396	144.38	27.310	35.802	557.72	17.077	18.030	0.037803	vapor
518.49	0.10000	0.023280	42.956	49.124	53.420	144.42	27.315	35.806	558.07	17.001	18.057	0.037870	vapor
519.15	0.10000	0.023249	43.012	49.142	53.444	144.47	27.321	35.811	558.42	16.927	18.085	0.037937	vapor
519.82	0.10000	0.023219	43.068	49.161	53.467	144.52	27.326	35.815	558.77	16.852	18.112	0.038004	vapor
520.49	0.10000	0.023189	43.124	49.179	53.491	144.56	27.332	35.820	559.11	16.778	18.140	0.038071	vapor
521.15	0.10000	0.023159	43.180	49.197	53.515	144.61	27.338	35.825	559.46	16.705	18.167	0.038138	vapor
521.82	0.10000	0.023129	43.236	49.215	53.539	144.65	27.343	35.829	559.81	16.632	18.194	0.038205	vapor
522.49	0.10000	0.023099	43.292	49.234	53.563	144.70	27.349	35.834	560.15	16.560	18.222	0.038273	vapor
523.15	0.10000	0.023069	43.348	49.252	53.587	144.75	27.355	35.839	560.50	16.488	18.249	0.038340	vapor
523.82	0.10000	0.023039	43.404	49.270	53.611	144.79	27.360	35.843	560.84	16.417	18.277	0.038407	vapor
524.49	0.10000	0.023010	43.460	49.289	53.635	144.84	27.366	35.848	561.19	16.346	18.304	0.038475	vapor
525.15	0.10000	0.022980	43.516	49.307	53.658	144.88	27.372	35.853	561.53	16.275	18.332	0.038542	vapor
525.82	0.10000	0.022951	43.572	49.325	53.682	144.93	27.378	35.858	561.88	16.205	18.359	0.038610	vapor
526.49	0.10000	0.022921	43.628	49.344	53.706	144.97	27.383	35.863	562.22	16.136	18.386	0.038678	vapor
527.15	0.10000	0.022892	43.684	49.362	53.730	145.02	27.389	35.868	562.57	16.067	18.414	0.038745	vapor
527.82	0.10000	0.022863	43.740	49.380	53.754	145.06	27.395	35.872	562.91	15.998	18.441	0.038813	vapor
528.49	0.10000	0.022833	43.796	49.398	53.778	145.11	27.401	35.877	563.25	15.930	18.469	0.038881	vapor
529.15	0.10000	0.022804	43.852	49.417	53.802	145.15	27.407	35.882	563.60	15.862	18.496	0.038948	vapor
529.82	0.10000	0.022775	43.908	49.435	53.826	145.20	27.413	35.887	563.94	15.795	18.524	0.039016	vapor
530.49	0.10000	0.022746	43.964	49.453	53.850	145.24	27.418	35.892	564.28	15.728	18.551	0.039084	vapor
531.15	0.10000	0.022717	44.019	49.472	53.874	145.29	27.424	35.897	564.62	15.662	18.579	0.039152	vapor
531.82	0.10000	0.022688	44.075	49.490	53.898	145.33	27.430	35.902	564.97	15.596	18.606	0.039220	vapor
532.49	0.10000	0.022660	44.131	49.508	53.922	145.38	27.436	35.907	565.31	15.530	18.633	0.039288	vapor
533.15	0.10000	0.022631	44.187	49.527	53.946	145.42	27.442	35.913	565.65	15.465	18.661	0.039356	vapor
533.82	0.10000	0.022602	44.243	49.545	53.969	145.47	27.448	35.918	565.99	15.400	18.688	0.039424	vapor
534.49	0.10000	0.022574	44.299	49.564	53.993	145.51	27.454	35.923	566.33	15.336	18.716	0.039492	vapor
535.15	0.10000	0.022545	44.355	49.582	54.017	145.56	27.460	35.928	566.67	15.272	18.743	0.039561	vapor
535.82	0.10000	0.022517	44.411	49.600	54.041	145.60	27.466	35.933	567.01	15.209	18.771	0.039629	vapor
536.49	0.10000	0.022489	44.467	49.619	54.065	145.65	27.472	35.938	567.35	15.146	18.798	0.039697	vapor
537.15	0.10000	0.022460	44.523	49.637	54.089	145.69	27.478	35.944	567.69	15.083	18.826	0.039766	vapor
537.82	0.10000	0.022432	44.579	49.655	54.113	145.74	27.484	35.949	568.03	15.021	18.853	0.039834	vapor
538.49	0.10000	0.022404	44.635	49.674	54.137	145.78	27.490	35.954	568.37	14.959	18.881	0.039903	vapor
539.15	0.10000	0.022376	44.691	49.692	54.161	145.83	27.496	35.959	568.71	14.897	18.908	0.039971	vapor
539.82	0.10000	0.022348	44.747	49.710	54.185	145.87	27.503	35.965	569.05	14.836	18.936	0.040040	vapor
540.49	0.10000	0.022320	44.803	49.729	54.209	145.92	27.509	35.970	569.39	14.775	18.963	0.040108	vapor
541.15	0.10000	0.022292	44.859	49.747	54.233	145.96	27.515	35.976	569.73	14.715	18.991	0.040177	vapor
541.82	0.10000	0.022265	44.914	49.766	54.257	146.00	27.521	35.981	570.06	14.655	19.018	0.040246	vapor
542.49	0.10000	0.022237	44.970	49.784	54.281	146.05	27.527	35.986	570.40	14.595	19.046	0.040315	vapor
543.15	0.10000	0.022209	45.026	49.802	54.305	146.09	27.533	35.992	570.74	14.536	19.073	0.040383	vapor
543.82	0.10000	0.022182	45.082	49.821	54.329	146.14	27.540	35.997	571.08	14.477	19.101	0.040452	vapor
544.49	0.10000	0.022154	45.138	49.839	54.353	146.18	27.546	36.003	571.41	14.419	19.128	0.040521	vapor
545.15	0.10000	0.022127	45.194	49.858	54.377	146.22	27.552	36.008	571.75	14.361	19.156	0.040590	vapor
545.82	0.10000	0.022100	45.250	49.876	54.401	146.27	27.558	36.014	572.09	14.303	19.183	0.040659	vapor
546.49	0.10000	0.022072	45.306	49.894	54.425	146.31	27.565	36.019	572.42	14.245	19.211	0.040728	vapor
547.15	0.10000	0.022045	45.362	49.913	54.449	146.36	27.571	36.025	572.76	14.188	19.238	0.040797	vapor
547.82	0.10000	0.022018	45.418	49.931	54.473	146.40	27.577	36.030	573.09	14.132	19.266	0.040867	vapor
548.49	0.10000	0.021991	45.473	49.950	54.497	146.44	27.583	36.036	573.43	14.075	19.293	0.040936	vapor
549.15	0.10000	0.021964	45.529	49.968	54.521	146.49	27.590	36.041	573.77	14.019	19.321	0.041005	vapor
549.82	0.10000	0.021937	45.585	49.987	54.545	146.53	27.596	36.047	574.10	13.963	19.348	0.041074	vapor
550.49	0.10000	0.021910	45.641	50.005	54.569	146.58	27.602	36.053	574.43	13.908	19.376	0.041144	vapor
551.15	0.10000	0.021883	45.697	50.024	54.593	146.62	27.609	36.058	574.77	13.853	19.403	0.041213	vapor
551.82	0.10000	0.021857	45.753	50.042	54.617	146.66	27.615	36.064	575.10	13.798	19.431	0.041282	vapor
552.49	0.10000	0.021830	45.809	50.060	54.641	146.71	27.621	36.070	575.44	13.744	19.458	0.041352	vapor
553.15	0.10000	0.021803	45.865	50.079	54.665	146.75	27.628	36.075	575.77	13.690	19.486	0.041422	vapor
553.82	0.10000	0.021777	45.920	50.097	54.689	146.79	27.634	36.081	576.10	13.636	19.514	0.041491	vapor
554.49	0.10000	0.021750	45.976	50.116	54.713	146.84	27.641	36.087	576.44	13.583	19.541	0.041561	vapor
555.15	0.10000	0.021724	46.032	50.134	54.738	146.88	27.647	36.093	576.77	13.529	19.569	0.041630	vapor
555.82	0.10000	0.021698	46.088	50.153	54.762	146.92	27.654	36.098	577.10	13.477	19.596	0.041700	vapor
556.49	0.10000	0.021671	46.144	50.171	54.786	146.97	27.660	36.104	577.43	13.424	19.624	0.041770	vapor
557.15	0.10000	0.021645	46.200	50.190	54.810	147.01	27.666	36.110	577.77	13.372	19.651	0.041840	vapor
557.82	0.10000	0.021619	46.256	50.208	54.834	147.05	27.673	36.116	578.10	13.320	19.679	0.041910	vapor
558.49	0.10000	0.021593	46.311	50.227	54.858	147.10	27.679	36.122	578.43	13.269	19.706	0.041980	vapor
559.15	0.10000	0.021567	46.367	50.245	54.882	147.14	27.686	36.128	578.76	13.217	19.734	0.042050	vapor
559.82	0.10000	0.021541	46.423	50.264	54.906	147.18	27.692	36.134	579.09	13.166	19.761	0.042120	vapor
560.49	0.10000	0.021515	46.479	50.282	54.930	147.23	27.699	36.139	579.42	13.116	19.789	0.042190	vapor
561.15	0.10000	0.021489	46.535	50.301	54.954	147.27	27.706	36.145	579.75	13.065	19.817	0.042260	vapor
561.82	0.10000	0.021464	46.591	50.319	54.978	147.31	27.712	36.151	580.08	13.015	19.844	0.042330	vapor
562.49	0.10000	0.021438	46.647	50.338	55.002	147.35	27.719	36.157	580.41	12.965	19.872	0.042400	vapor
563.15	0.10000	0.021412	46.702	50.356	55.027	147.40	27.725	36.163	580.74	12.916	19.899	0.042470	vapor
563.82	0.10000	0.021387	46.758	50.375	55.051	147.44	27.732	36.169	581.07	12.867	19.927	0.042541	vapor
564.49	0.10000	0.021361	46.814	50.393	55.075	147.48	27.738	36.175	581.40	12.818	19.954	0.042611	vapor
565.15	0.10000	0.021336	46.870	50.412	55.099	147.53	27.745	36.181	581.73	12.769	19.982	0.042681	vapor
565.82	0.10000	0.021310	46.926	50.430	55.123	147.57	27.752	36.187	582.06	12.721	20.010	0.042752	vapor
566.49	0.10000	0.021285	46.982	50.449	55.147	147.61	27.758	36.193	582.39	12.673	20.037	0.042822	vapor
567.15	0.10000	0.021260	47.037	50.468	55.171	147.65	27.765	36.199	582.72	12.625	20.065	0.042893	vapor
567.82	0.10000	0.021234	47.093	50.486	55.195	147.70	27.771	36.205	583.05	12.577	20.092	0.042964	vapor
568.49	0.10000	0.021209	47.149	50.505	55.220	147.74	27.778	36.211	583.37	12.530	20.120	0.043034	vapor
569.15	0.10000	0.021184	47.205	50.523	55.244	147.78	27.785	36.217	583.70	12.483	20.147	0.043105	vapor
569.82	0.10000	0.021159	47.261	50.542	55.268	147.82	27.791	36.223	584.03	12.436	20.175	0.043176	vapor
570.49	0.10000	0.021134	47.316	50.560	55.292	147.87	27.798	36.230	584.36	12.390	20.203	0.043246	vapor
571.15	0.10000	0.021109	47.372	50.579	55.316	147.91	27.805	36.236	584.68	12.344	20.230	0.043317	vapor
571.82	0.10000	0.021085	47.428	50.597	55.340	147.95	27.812	36.242	585.01	12.298	20.258	0.043388	vapor
572.49	0.10000	0.021060	47.484	50.616	55.364	147.99	27.818	36.248	585.34	12.252	20.285	0.043459	vapor
573.15	0.10000	0.021035	47.540	50.635	55.389	148.03	27.825	36.254	585.66	12.206	20.313	0.043530	vapor
573.82	0.10000	0.021010	47.596	50.653	55.413	148.08	27.832	36.260	585.99	12.161	20.340	0.043601	vapor
574.49	0.10000	0.020986	47.651	50.672	55.437	148.12	27.838	36.267	586.31	12.116	20.368	0.043672	vapor
575.15	0.10000	0.020961	47.707	50.690	55.461	148.16	27.845	36.273	586.64	12.072	20.396	0.043743	vapor
575.82	0.10000	0.020937	47.763	50.709	55.485	148.20	27.852	36.279	586.96	12.027	20.423	0.043814	vapor
576.49	0.10000	0.020912	47.819	50.728	55.510	148.24	27.859	36.285	587.29	11.983	20.451	0.043885	vapor
577.15	0.10000	0.020888	47.875	50.746	55.534	148.29	27.866	36.292	587.61	11.939	20.478	0.043956	vapor
577.82	0.10000	0.020864	47.930	50.765	55.558	148.33	27.872	36.298	587.94	11.895	20.506	0.044028	vapor
578.49	0.10000	0.020839	47.986	50.783	55.582	148.37	27.879	36.304	588.26	11.852	20.534	0.044099	vapor
579.15	0.10000	0.020815	48.042	50.802	55.606	148.41	27.886	36.310	588.59	11.809	20.561	0.044170	vapor
579.82	0.10000	0.020791	48.098	50.821	55.631	148.45	27.893	36.317	588.91	11.765	20.589	0.044242	vapor
580.49	0.10000	0.020767	48.154	50.839	55.655	148.50	27.900	36.323	589.23	11.723	20.616	0.044313	vapor
581.15	0.10000	0.020743	48.209	50.858	55.679	148.54	27.906	36.329	589.56	11.680	20.644	0.044385	vapor
581.82	0.10000	0.020719	48.265	50.877	55.703	148.58	27.913	36.336	589.88	11.638	20.672	0.044456	vapor
582.49	0.10000	0.020695	48.321	50.895	55.727	148.62	27.920	36.342	590.20	11.596	20.699	0.044528	vapor
583.15	0.10000	0.020671	48.377	50.914	55.752	148.66	27.927	36.348	590.53	11.554	20.727	0.044599	vapor
583.82	0.10000	0.020647	48.432	50.933	55.776	148.70	27.934	36.355	590.85	11.512	20.754	0.044671	vapor
584.49	0.10000	0.020624	48.488	50.951	55.800	148.75	27.941	36.361	591.17	11.471	20.782	0.044743	vapor
585.15	0.10000	0.020600	48.544	50.970	55.824	148.79	27.948	36.367	591.49	11.430	20.810	0.044814	vapor
585.82	0.10000	0.020576	48.600	50.989	55.849	148.83	27.954	36.374	591.81	11.389	20.837	0.044886	vapor
586.49	0.10000	0.020553	48.656	51.007	55.873	148.87	27.961	36.380	592.14	11.348	20.865	0.044958	vapor
587.15	0.10000	0.020529	48.711	51.026	55.897	148.91	27.968	36.387	592.46	11.308	20.892	0.045030	vapor
587.82	0.10000	0.020506	48.767	51.045	55.921	148.95	27.975	36.393	592.78	11.267	20.920	0.045102	vapor
588.49	0.10000	0.020482	48.823	51.063	55.946	148.99	27.982	36.400	593.10	11.227	20.948	0.045174	vapor
589.15	0.10000	0.020459	48.879	51.082	55.970	149.03	27.989	36.406	593.42	11.187	20.975	0.045246	vapor
589.82	0.10000	0.020436	48.934	51.101	55.994	149.08	27.996	36.413	593.74	11.148	21.003	0.045318	vapor
590.49	0.10000	0.020412	48.990	51.119	56.018	149.12	28.003	36.419	594.06	11.108	21.030	0.045390	vapor
591.15	0.10000	0.020389	49.046	51.138	56.043	149.16	28.010	36.426	594.38	11.069	21.058	0.045462	vapor
591.82	0.10000	0.020366	49.102	51.157	56.067	149.20	28.017	36.432	594.70	11.030	21.086	0.045534	vapor
592.49	0.10000	0.020343	49.157	51.176	56.091	149.24	28.024	36.439	595.02	10.991	21.113	0.045607	vapor
593.15	0.10000	0.020320	49.213	51.194	56.116	149.28	28.031	36.445	595.34	10.952	21.141	0.045679	vapor
593.82	0.10000	0.020297	49.269	51.213	56.140	149.32	28.038	36.452	595.66	10.914	21.169	0.045751	vapor
594.49	0.10000	0.020274	49.325	51.232	56.164	149.36	28.045	36.458	595.98	10.876	21.196	0.045824	vapor
595.15	0.10000	0.020251	49.381	51.250	56.188	149.40	28.052	36.465	596.30	10.838	21.224	0.045896	vapor
595.82	0.10000	0.020228	49.436	51.269	56.213	149.44	28.059	36.471	596.61	10.800	21.251	0.045969	vapor
596.49	0.10000	0.020205	49.492	51.288	56.237	149.49	28.066	36.478	596.93	10.762	21.279	0.046041	vapor
597.15	0.10000	0.020183	49.548	51.307	56.261	149.53	28.073	36.484	597.25	10.725	21.307	0.046114	vapor
597.82	0.10000	0.020160	49.604	51.325	56.286	149.57	28.080	36.491	597.57	10.688	21.334	0.046186	vapor
598.49	0.10000	0.020137	49.659	51.344	56.310	149.61	28.087	36.498	597.89	10.651	21.362	0.046259	vapor
599.15	0.10000	0.020115	49.715	51.363	56.334	149.65	28.094	36.504	598.20	10.614	21.389	0.046331	vapor
599.82	0.10000	0.020092	49.771	51.382	56.359	149.69	28.101	36.511	598.52	10.577	21.417	0.046404	vapor
600.49	0.10000	0.020070	49.827	51.400	56.383	149.73	28.108	36.518	598.84	10.541	21.445	0.046477	vapor
601.15	0.10000	0.020047	49.882	51.419	56.407	149.77	28.115	36.524	599.15	10.504	21.472	0.046550	vapor
601.82	0.10000	0.020025	49.938	51.438	56.432	149.81	28.122	36.531	599.47	10.468	21.500	0.046623	vapor
602.49	0.10000	0.020003	49.994	51.457	56.456	149.85	28.129	36.538	599.79	10.432	21.528	0.046695	vapor
603.15	0.10000	0.019980	50.049	51.476	56.481	149.89	28.136	36.544	600.10	10.397	21.555	0.046768	vapor
603.82	0.10000	0.019958	50.105	51.494	56.505	149.93	28.144	36.551	600.42	10.361	21.583	0.046841	vapor
604.49	0.10000	0.019936	50.161	51.513	56.529	149.97	28.151	36.558	600.73	10.326	21.610	0.046914	vapor
605.15	0.10000	0.019914	50.217	51.532	56.554	150.01	28.158	36.564	601.05	10.290	21.638	0.046987	vapor
605.82	0.10000	0.019892	50.272	51.551	56.578	150.05	28.165	36.571	601.36	10.255	21.666	0.047060	vapor
606.49	0.10000	0.019870	50.328	51.570	56.602	150.09	28.172	36.578	601.68	10.221	21.693	0.047134	vapor
607.15	0.10000	0.019848	50.384	51.588	56.627	150.13	28.179	36.585	601.99	10.186	21.721	0.047207	vapor
607.82	0.10000	0.019826	50.440	51.607	56.651	150.17	28.186	36.591	602.31	10.151	21.749	0.047280	vapor
608.48	0.10000	0.019804	50.495	51.626	56.676	150.21	28.193	36.598	602.62	10.117	21.776	0.047353	vapor
609.15	0.10000	0.019782	50.551	51.645	56.700	150.25	28.201	36.605	602.94	10.083	21.804	0.047427	vapor
609.82	0.10000	0.019760	50.607	51.664	56.724	150.29	28.208	36.612	603.25	10.049	21.831	0.047500	vapor
610.48	0.10000	0.019738	50.663	51.683	56.749	150.33	28.215	36.618	603.56	10.015	21.859	0.047573	vapor
611.15	0.10000	0.019717	50.718	51.701	56.773	150.37	28.222	36.625	603.88	9.9815	21.887	0.047647	vapor
611.82	0.10000	0.019695	50.774	51.720	56.798	150.41	28.229	36.632	604.19	9.9481	21.914	0.047720	vapor
612.48	0.10000	0.019674	50.830	51.739	56.822	150.45	28.236	36.639	604.50	9.9148	21.942	0.047794	vapor
613.15	0.10000	0.019652	50.885	51.758	56.846	150.49	28.244	36.646	604.82	9.8816	21.969	0.047867	vapor
613.82	0.10000	0.019631	50.941	51.777	56.871	150.53	28.251	36.652	605.13	9.8486	21.997	0.047941	vapor
614.48	0.10000	0.019609	50.997	51.796	56.895	150.57	28.258	36.659	605.44	9.8158	22.025	0.048014	vapor
615.15	0.10000	0.019588	51.053	51.815	56.920	150.61	28.265	36.666	605.75	9.7832	22.052	0.048088	vapor
615.82	0.10000	0.019566	51.108	51.833	56.944	150.65	28.272	36.673	606.07	9.7507	22.080	0.048162	vapor
616.48	0.10000	0.019545	51.164	51.852	56.969	150.69	28.280	36.680	606.38	9.7184	22.108	0.048236	vapor
617.15	0.10000	0.019524	51.220	51.871	56.993	150.73	28.287	36.687	606.69	9.6862	22.135	0.048309	vapor
617.82	0.10000	0.019503	51.275	51.890	57.018	150.77	28.294	36.694	607.00	9.6542	22.163	0.048383	vapor
618.48	0.10000	0.019481	51.331	51.909	57.042	150.81	28.301	36.700	607.31	9.6223	22.190	0.048457	vapor
619.15	0.10000	0.019460	51.387	51.928	57.067	150.85	28.309	36.707	607.62	9.5906	22.218	0.048531	vapor
619.82	0.10000	0.019439	51.443	51.947	57.091	150.89	28.316	36.714	607.93	9.5590	22.246	0.048605	vapor
620.48	0.10000	0.019418	51.498	51.966	57.115	150.93	28.323	36.721	608.24	9.5276	22.273	0.048679	vapor
621.15	0.10000	0.019397	51.554	51.985	57.140	150.97	28.330	36.728	608.55	9.4964	22.301	0.048753	vapor
621.82	0.10000	0.019376	51.610	52.003	57.164	151.01	28.338	36.735	608.86	9.4653	22.329	0.048827	vapor
622.48	0.10000	0.019355	51.665	52.022	57.189	151.05	28.345	36.742	609.17	9.4344	22.356	0.048901	vapor
623.15	0.10000	0.019334	51.721	52.041	57.213	151.09	28.352	36.749	609.48	9.4036	22.384	0.048975	vapor
623.82	0.10000	0.019314	51.777	52.060	57.238	151.13	28.360	36.756	609.79	9.3729	22.411	0.049050	vapor
624.48	0.10000	0.019293	51.832	52.079	57.262	151.17	28.367	36.763	610.10	9.3424	22.439	0.049124	vapor
625.15	0.10000	0.019272	51.888	52.098	57.287	151.20	28.374	36.770	610.41	9.3121	22.467	0.049198	vapor
625.82	0.10000	0.019252	51.944	52.117	57.311	151.24	28.381	36.777	610.72	9.2818	22.494	0.049273	vapor
626.48	0.10000	0.019231	52.000	52.136	57.336	151.28	28.389	36.784	611.03	9.2518	22.522	0.049347	vapor
627.15	0.10000	0.019210	52.055	52.155	57.360	151.32	28.396	36.791	611.34	9.2219	22.550	0.049421	vapor
627.82	0.10000	0.019190	52.111	52.174	57.385	151.36	28.403	36.798	611.65	9.1921	22.577	0.049496	vapor
628.48	0.10000	0.019169	52.167	52.193	57.410	151.40	28.411	36.805	611.95	9.1624	22.605	0.049570	vapor
629.15	0.10000	0.019149	52.222	52.212	57.434	151.44	28.418	36.812	612.26	9.1329	22.632	0.049645	vapor
629.82	0.10000	0.019129	52.278	52.231	57.459	151.48	28.425	36.819	612.57	9.1036	22.660	0.049719	vapor
630.48	0.10000	0.019108	52.334	52.250	57.483	151.52	28.433	36.826	612.88	9.0744	22.688	0.049794	vapor
631.15	0.10000	0.019088	52.389	52.269	57.508	151.56	28.440	36.833	613.19	9.0453	22.715	0.049869	vapor
631.82	0.10000	0.019068	52.445	52.288	57.532	151.59	28.447	36.840	613.49	9.0163	22.743	0.049943	vapor
632.48	0.10000	0.019047	52.501	52.307	57.557	151.63	28.455	36.847	613.80	8.9875	22.770	0.050018	vapor
633.15	0.10000	0.019027	52.556	52.326	57.581	151.67	28.462	36.854	614.11	8.9588	22.798	0.050093	vapor
633.82	0.10000	0.019007	52.612	52.345	57.606	151.71	28.470	36.861	614.41	8.9303	22.826	0.050168	vapor
634.48	0.10000	0.018987	52.668	52.364	57.631	151.75	28.477	36.868	614.72	8.9019	22.853	0.050242	vapor
635.15	0.10000	0.018967	52.723	52.383	57.655	151.79	28.484	36.875	615.03	8.8736	22.881	0.050317	vapor
635.82	0.10000	0.018947	52.779	52.402	57.680	151.83	28.492	36.882	615.33	8.8455	22.909	0.050392	vapor
636.48	0.10000	0.018927	52.835	52.421	57.704	151.87	28.499	36.889	615.64	8.8175	22.936	0.050467	vapor
637.15	0.10000	0.018907	52.891	52.440	57.729	151.90	28.507	36.896	615.94	8.7896	22.964	0.050542	vapor
637.82	0.10000	0.018887	52.946	52.459	57.754	151.94	28.514	36.903	616.25	8.7618	22.991	0.050617	vapor
638.48	0.10000	0.018867	53.002	52.478	57.778	151.98	28.521	36.910	616.55	8.7342	23.019	0.050692	vapor
639.15	0.10000	0.018847	53.058	52.497	57.803	152.02	28.529	36.918	616.86	8.7067	23.047	0.050768	vapor
639.82	0.10000	0.018828	53.113	52.516	57.827	152.06	28.536	36.925	617.16	8.6793	23.074	0.050843	vapor
640.48	0.10000	0.018808	53.169	52.535	57.852	152.10	28.544	36.932	617.47	8.6521	23.102	0.050918	vapor
641.15	0.10000	0.018788	53.225	52.554	57.877	152.14	28.551	36.939	617.77	8.6250	23.129	0.050993	vapor
641.82	0.10000	0.018769	53.280	52.573	57.901	152.17	28.558	36.946	618.08	8.5980	23.157	0.051068	vapor
642.48	0.10000	0.018749	53.336	52.592	57.926	152.21	28.566	36.953	618.38	8.5711	23.185	0.051144	vapor
643.15	0.10000	0.018730	53.392	52.611	57.950	152.25	28.573	36.960	618.68	8.5444	23.212	0.051219	vapor
643.82	0.10000	0.018710	53.447	52.630	57.975	152.29	28.581	36.968	618.99	8.5177	23.240	0.051295	vapor
644.48	0.10000	0.018691	53.503	52.649	58.000	152.33	28.588	36.975	619.29	8.4912	23.267	0.051370	vapor
645.15	0.10000	0.018671	53.559	52.669	58.024	152.37	28.596	36.982	619.59	8.4648	23.295	0.051445	vapor
645.82	0.10000	0.018652	53.614	52.688	58.049	152.40	28.603	36.989	619.90	8.4386	23.323	0.051521	vapor
646.48	0.10000	0.018632	53.670	52.707	58.074	152.44	28.611	36.996	620.20	8.4124	23.350	0.051596	vapor
647.15	0.10000	0.018613	53.726	52.726	58.098	152.48	28.618	37.004	620.50	8.3864	23.378	0.051672	vapor
647.82	0.10000	0.018594	53.781	52.745	58.123	152.52	28.626	37.011	620.81	8.3605	23.405	0.051748	vapor
648.48	0.10000	0.018575	53.837	52.764	58.148	152.56	28.633	37.018	621.11	8.3347	23.433	0.051823	vapor
649.15	0.10000	0.018555	53.893	52.783	58.172	152.59	28.641	37.025	621.41	8.3090	23.461	0.051899	vapor
649.82	0.10000	0.018536	53.948	52.802	58.197	152.63	28.648	37.032	621.71	8.2834	23.488	0.051975	vapor
650.48	0.10000	0.018517	54.004	52.821	58.222	152.67	28.656	37.040	622.01	8.2580	23.516	0.052051	vapor
651.15	0.10000	0.018498	54.060	52.841	58.247	152.71	28.663	37.047	622.32	8.2327	23.543	0.052126	vapor
651.82	0.10000	0.018479	54.115	52.860	58.271	152.75	28.671	37.054	622.62	8.2074	23.571	0.052202	vapor
652.48	0.10000	0.018460	54.171	52.879	58.296	152.78	28.678	37.061	622.92	8.1823	23.599	0.052278	vapor
653.15	0.10000	0.018441	54.227	52.898	58.321	152.82	28.686	37.069	623.22	8.1573	23.626	0.052354	vapor
653.82	0.10000	0.018422	54.282	52.917	58.345	152.86	28.693	37.076	623.52	8.1324	23.654	0.052430	vapor
654.48	0.10000	0.018403	54.338	52.936	58.370	152.90	28.701	37.083	623.82	8.1077	23.681	0.052506	vapor
655.15	0.10000	0.018385	54.393	52.955	58.395	152.94	28.708	37.090	624.12	8.0830	23.709	0.052582	vapor
655.82	0.10000	0.018366	54.449	52.975	58.420	152.97	28.716	37.098	624.42	8.0584	23.736	0.052658	vapor
656.48	0.10000	0.018347	54.505	52.994	58.444	153.01	28.723	37.105	624.72	8.0340	23.764	0.052734	vapor
657.15	0.10000	0.018328	54.560	53.013	58.469	153.05	28.731	37.112	625.02	8.0096	23.792	0.052810	vapor
657.82	0.10000	0.018310	54.616	53.032	58.494	153.09	28.738	37.120	625.32	7.9854	23.819	0.052887	vapor
658.48	0.10000	0.018291	54.672	53.051	58.518	153.12	28.746	37.127	625.62	7.9613	23.847	0.052963	vapor
659.15	0.10000	0.018272	54.727	53.070	58.543	153.16	28.754	37.134	625.92	7.9373	23.874	0.053039	vapor
659.82	0.10000	0.018254	54.783	53.090	58.568	153.20	28.761	37.141	626.22	7.9133	23.902	0.053115	vapor
660.48	0.10000	0.018235	54.839	53.109	58.593	153.24	28.769	37.149	626.52	7.8895	23.930	0.053192	vapor
661.15	0.10000	0.018217	54.894	53.128	58.618	153.27	28.776	37.156	626.82	7.8658	23.957	0.053268	vapor
661.82	0.10000	0.018198	54.950	53.147	58.642	153.31	28.784	37.163	627.11	7.8422	23.985	0.053345	vapor
662.48	0.10000	0.018180	55.006	53.166	58.667	153.35	28.791	37.171	627.41	7.8187	24.012	0.053421	vapor
663.15	0.10000	0.018162	55.061	53.186	58.692	153.39	28.799	37.178	627.71	7.7953	24.040	0.053498	vapor
663.82	0.10000	0.018143	55.117	53.205	58.717	153.42	28.807	37.185	628.01	7.7720	24.067	0.053574	vapor
664.48	0.10000	0.018125	55.173	53.224	58.741	153.46	28.814	37.193	628.31	7.7488	24.095	0.053651	vapor
665.15	0.10000	0.018107	55.228	53.243	58.766	153.50	28.822	37.200	628.60	7.7257	24.123	0.053727	vapor
665.82	0.10000	0.018088	55.284	53.263	58.791	153.54	28.829	37.208	628.90	7.7027	24.150	0.053804	vapor
666.48	0.10000	0.018070	55.339	53.282	58.816	153.57	28.837	37.215	629.20	7.6798	24.178	0.053881	vapor
667.15	0.10000	0.018052	55.395	53.301	58.841	153.61	28.845	37.222	629.50	7.6570	24.205	0.053957	vapor
667.82	0.10000	0.018034	55.451	53.320	58.865	153.65	28.852	37.230	629.79	7.6343	24.233	0.054034	vapor
668.48	0.10000	0.018016	55.506	53.340	58.890	153.68	28.860	37.237	630.09	7.6117	24.260	0.054111	vapor
669.15	0.10000	0.017998	55.562	53.359	58.915	153.72	28.867	37.244	630.39	7.5892	24.288	0.054188	vapor
669.82	0.10000	0.017980	55.618	53.378	58.940	153.76	28.875	37.252	630.68	7.5668	24.316	0.054265	vapor
670.48	0.10000	0.017962	55.673	53.397	58.965	153.80	28.883	37.259	630.98	7.5445	24.343	0.054341	vapor
671.15	0.10000	0.017944	55.729	53.417	58.990	153.83	28.890	37.267	631.28	7.5223	24.371	0.054418	vapor
671.82	0.10000	0.017926	55.785	53.436	59.014	153.87	28.898	37.274	631.57	7.5002	24.398	0.054495	vapor
672.48	0.10000	0.017908	55.840	53.455	59.039	153.91	28.906	37.281	631.87	7.4781	24.426	0.054572	vapor
673.15	0.10000	0.017890	55.896	53.475	59.064	153.94	28.913	37.289	632.16	7.4562	24.453	0.054649	vapor
