Temperature (K)	Pressure (MPa)	Density (kg/m3)	Volume (m3/kg)	Internal Energy (kJ/kg)	Enthalpy (kJ/kg)	Entropy (J/g*K)	Cv (J/g*K)	Cp (J/g*K)	Sound Spd. (m/s)	Joule-Thomson (K/MPa)	Viscosity (uPa*s)	Therm. Cond. (W/m*K)	Phase
273.16	6.0000	1002.8	0.00099718	0.10163	6.0847	0.00033895	4.1898	4.1910	1411.9	-0.24088	1778.3	0.56011	liquid
274.37	6.0000	1002.9	0.00099714	5.1770	11.160	0.018877	4.1877	4.1880	1417.9	-0.23972	1706.5	0.56308	liquid
275.58	6.0000	1002.9	0.00099712	10.249	16.232	0.037321	4.1853	4.1853	1423.8	-0.23860	1639.2	0.56597	liquid
276.79	6.0000	1002.9	0.00099713	15.317	21.300	0.055673	4.1828	4.1829	1429.5	-0.23750	1576.1	0.56880	liquid
278.01	6.0000	1002.9	0.00099716	20.383	26.366	0.073935	4.1801	4.1806	1435.0	-0.23642	1516.8	0.57155	liquid
279.22	6.0000	1002.8	0.00099720	25.446	31.429	0.092108	4.1772	4.1786	1440.4	-0.23537	1461.0	0.57425	liquid
280.43	6.0000	1002.7	0.00099727	30.506	36.490	0.11019	4.1743	4.1768	1445.6	-0.23435	1408.4	0.57688	liquid
281.64	6.0000	1002.6	0.00099736	35.564	41.549	0.12819	4.1711	4.1752	1450.7	-0.23334	1358.8	0.57946	liquid
282.85	6.0000	1002.5	0.00099747	40.621	46.606	0.14611	4.1679	4.1737	1455.7	-0.23236	1311.9	0.58198	liquid
284.06	6.0000	1002.4	0.00099760	45.675	51.661	0.16394	4.1646	4.1723	1460.4	-0.23139	1267.6	0.58444	liquid
285.27	6.0000	1002.3	0.00099775	50.728	56.714	0.18170	4.1611	4.1711	1465.1	-0.23045	1225.6	0.58686	liquid
286.49	6.0000	1002.1	0.00099791	55.779	61.767	0.19937	4.1575	4.1701	1469.6	-0.22952	1185.8	0.58923	liquid
287.70	6.0000	1001.9	0.00099809	60.829	66.818	0.21696	4.1538	4.1691	1474.0	-0.22860	1148.1	0.59155	liquid
288.91	6.0000	1001.7	0.00099829	65.878	71.868	0.23448	4.1500	4.1683	1478.2	-0.22771	1112.2	0.59382	liquid
290.12	6.0000	1001.5	0.00099850	70.926	76.917	0.25192	4.1461	4.1675	1482.4	-0.22682	1078.1	0.59605	liquid
291.33	6.0000	1001.3	0.00099873	75.972	81.965	0.26928	4.1421	4.1669	1486.3	-0.22596	1045.7	0.59824	liquid
292.54	6.0000	1001.0	0.00099898	81.018	87.012	0.28657	4.1380	4.1663	1490.2	-0.22510	1014.8	0.60039	liquid
293.75	6.0000	1000.8	0.00099924	86.063	92.059	0.30379	4.1339	4.1658	1494.0	-0.22426	985.36	0.60250	liquid
294.97	6.0000	1000.5	0.00099952	91.108	97.105	0.32093	4.1296	4.1654	1497.6	-0.22343	957.26	0.60457	liquid
296.18	6.0000	1000.2	0.00099981	96.152	102.15	0.33800	4.1253	4.1650	1501.1	-0.22261	930.44	0.60660	liquid
297.39	6.0000	999.89	0.0010001	101.20	107.20	0.35500	4.1208	4.1647	1504.5	-0.22180	904.80	0.60860	liquid
298.60	6.0000	999.57	0.0010004	106.24	112.24	0.37193	4.1163	4.1645	1507.8	-0.22101	880.29	0.61056	liquid
299.81	6.0000	999.24	0.0010008	111.28	117.29	0.38879	4.1118	4.1643	1511.0	-0.22022	856.83	0.61248	liquid
301.02	6.0000	998.90	0.0010011	116.32	122.33	0.40559	4.1071	4.1642	1514.0	-0.21944	834.37	0.61437	liquid
302.23	6.0000	998.54	0.0010015	121.37	127.37	0.42231	4.1024	4.1641	1517.0	-0.21867	812.84	0.61623	liquid
303.45	6.0000	998.17	0.0010018	126.41	132.42	0.43897	4.0976	4.1641	1519.8	-0.21791	792.20	0.61806	liquid
304.66	6.0000	997.79	0.0010022	131.45	137.46	0.45556	4.0927	4.1641	1522.6	-0.21716	772.39	0.61985	liquid
305.87	6.0000	997.40	0.0010026	136.49	142.51	0.47208	4.0878	4.1642	1525.2	-0.21642	753.37	0.62162	liquid
307.08	6.0000	996.99	0.0010030	141.53	147.55	0.48854	4.0828	4.1642	1527.8	-0.21568	735.10	0.62335	liquid
308.29	6.0000	996.57	0.0010034	146.58	152.60	0.50494	4.0777	4.1644	1530.3	-0.21495	717.53	0.62505	liquid
309.50	6.0000	996.15	0.0010039	151.62	157.64	0.52127	4.0726	4.1645	1532.6	-0.21423	700.64	0.62673	liquid
310.71	6.0000	995.71	0.0010043	156.66	162.69	0.53754	4.0674	4.1647	1534.9	-0.21351	684.39	0.62837	liquid
311.92	6.0000	995.26	0.0010048	161.70	167.73	0.55374	4.0622	4.1649	1537.1	-0.21280	668.73	0.62999	liquid
313.14	6.0000	994.79	0.0010052	166.75	172.78	0.56989	4.0569	4.1651	1539.2	-0.21209	653.66	0.63158	liquid
314.35	6.0000	994.32	0.0010057	171.79	177.82	0.58597	4.0515	4.1654	1541.1	-0.21139	639.13	0.63314	liquid
315.56	6.0000	993.84	0.0010062	176.83	182.87	0.60199	4.0462	4.1657	1543.1	-0.21070	625.12	0.63467	liquid
316.77	6.0000	993.35	0.0010067	181.88	187.92	0.61795	4.0407	4.1660	1544.9	-0.21000	611.60	0.63618	liquid
317.98	6.0000	992.85	0.0010072	186.92	192.96	0.63386	4.0352	4.1663	1546.6	-0.20932	598.56	0.63766	liquid
319.19	6.0000	992.33	0.0010077	191.96	198.01	0.64970	4.0297	4.1667	1548.3	-0.20864	585.96	0.63911	liquid
320.40	6.0000	991.81	0.0010083	197.01	203.06	0.66548	4.0241	4.1670	1549.9	-0.20796	573.80	0.64054	liquid
321.62	6.0000	991.28	0.0010088	202.05	208.11	0.68121	4.0185	4.1674	1551.4	-0.20728	562.04	0.64194	liquid
322.83	6.0000	990.74	0.0010093	207.10	213.16	0.69688	4.0128	4.1678	1552.8	-0.20661	550.68	0.64332	liquid
324.04	6.0000	990.19	0.0010099	212.14	218.20	0.71249	4.0071	4.1683	1554.1	-0.20594	539.68	0.64467	liquid
325.25	6.0000	989.63	0.0010105	217.19	223.25	0.72804	4.0013	4.1687	1555.4	-0.20528	529.05	0.64600	liquid
326.46	6.0000	989.06	0.0010111	222.24	228.30	0.74354	3.9955	4.1692	1556.6	-0.20462	518.76	0.64730	liquid
327.67	6.0000	988.48	0.0010117	227.29	233.36	0.75898	3.9897	4.1697	1557.7	-0.20396	508.79	0.64858	liquid
328.88	6.0000	987.89	0.0010123	232.33	238.41	0.77437	3.9839	4.1702	1558.7	-0.20330	499.14	0.64984	liquid
330.10	6.0000	987.30	0.0010129	237.38	243.46	0.78971	3.9780	4.1707	1559.7	-0.20264	489.79	0.65107	liquid
331.31	6.0000	986.69	0.0010135	242.43	248.51	0.80498	3.9721	4.1712	1560.6	-0.20199	480.72	0.65228	liquid
332.52	6.0000	986.08	0.0010141	247.48	253.56	0.82021	3.9661	4.1718	1561.5	-0.20134	471.93	0.65346	liquid
333.73	6.0000	985.46	0.0010148	252.53	258.62	0.83538	3.9602	4.1723	1562.2	-0.20069	463.41	0.65462	liquid
334.94	6.0000	984.83	0.0010154	257.58	263.67	0.85050	3.9542	4.1729	1562.9	-0.20004	455.14	0.65576	liquid
336.15	6.0000	984.19	0.0010161	262.63	268.73	0.86557	3.9481	4.1735	1563.6	-0.19939	447.12	0.65687	liquid
337.36	6.0000	983.55	0.0010167	267.68	273.79	0.88058	3.9421	4.1742	1564.1	-0.19874	439.32	0.65796	liquid
338.58	6.0000	982.89	0.0010174	272.74	278.84	0.89554	3.9360	4.1748	1564.6	-0.19809	431.76	0.65903	liquid
339.79	6.0000	982.23	0.0010181	277.79	283.90	0.91045	3.9299	4.1755	1565.1	-0.19744	424.41	0.66007	liquid
341.00	6.0000	981.56	0.0010188	282.85	288.96	0.92532	3.9238	4.1761	1565.5	-0.19680	417.27	0.66110	liquid
342.21	6.0000	980.88	0.0010195	287.90	294.02	0.94013	3.9177	4.1768	1565.8	-0.19615	410.33	0.66210	liquid
343.42	6.0000	980.20	0.0010202	292.96	299.08	0.95489	3.9116	4.1776	1566.1	-0.19550	403.59	0.66308	liquid
344.63	6.0000	979.50	0.0010209	298.01	304.14	0.96960	3.9054	4.1783	1566.3	-0.19486	397.03	0.66403	liquid
345.84	6.0000	978.80	0.0010217	303.07	309.20	0.98426	3.8992	4.1790	1566.4	-0.19421	390.65	0.66497	liquid
347.06	6.0000	978.09	0.0010224	308.13	314.26	0.99887	3.8931	4.1798	1566.5	-0.19356	384.45	0.66588	liquid
348.27	6.0000	977.38	0.0010231	313.19	319.33	1.0134	3.8869	4.1806	1566.5	-0.19291	378.41	0.66678	liquid
349.48	6.0000	976.65	0.0010239	318.25	324.39	1.0280	3.8807	4.1814	1566.5	-0.19226	372.53	0.66765	liquid
350.69	6.0000	975.92	0.0010247	323.31	329.46	1.0424	3.8745	4.1823	1566.4	-0.19161	366.80	0.66850	liquid
351.90	6.0000	975.18	0.0010254	328.37	334.53	1.0569	3.8683	4.1831	1566.3	-0.19096	361.23	0.66933	liquid
353.11	6.0000	974.44	0.0010262	333.44	339.59	1.0712	3.8620	4.1840	1566.1	-0.19031	355.80	0.67013	liquid
354.32	6.0000	973.69	0.0010270	338.50	344.66	1.0856	3.8558	4.1849	1565.9	-0.18965	350.51	0.67092	liquid
355.54	6.0000	972.93	0.0010278	343.57	349.73	1.0998	3.8496	4.1859	1565.6	-0.18900	345.36	0.67169	liquid
356.75	6.0000	972.16	0.0010286	348.63	354.80	1.1141	3.8433	4.1868	1565.2	-0.18834	340.33	0.67243	liquid
357.96	6.0000	971.39	0.0010295	353.70	359.88	1.1283	3.8371	4.1878	1564.8	-0.18768	335.43	0.67316	liquid
359.17	6.0000	970.60	0.0010303	358.77	364.95	1.1424	3.8309	4.1888	1564.4	-0.18702	330.66	0.67386	liquid
360.38	6.0000	969.82	0.0010311	363.84	370.03	1.1565	3.8246	4.1898	1563.9	-0.18635	326.00	0.67454	liquid
361.59	6.0000	969.02	0.0010320	368.91	375.10	1.1706	3.8184	4.1909	1563.3	-0.18568	321.45	0.67521	liquid
362.80	6.0000	968.22	0.0010328	373.98	380.18	1.1846	3.8122	4.1919	1562.7	-0.18501	317.02	0.67585	liquid
364.02	6.0000	967.41	0.0010337	379.06	385.26	1.1986	3.8059	4.1931	1562.1	-0.18434	312.69	0.67648	liquid
365.23	6.0000	966.60	0.0010346	384.13	390.34	1.2125	3.7997	4.1942	1561.4	-0.18367	308.47	0.67708	liquid
366.44	6.0000	965.77	0.0010354	389.21	395.42	1.2264	3.7935	4.1953	1560.7	-0.18299	304.35	0.67766	liquid
367.65	6.0000	964.94	0.0010363	394.28	400.50	1.2403	3.7873	4.1965	1559.9	-0.18231	300.32	0.67823	liquid
368.86	6.0000	964.11	0.0010372	399.36	405.59	1.2541	3.7811	4.1978	1559.0	-0.18162	296.39	0.67877	liquid
370.07	6.0000	963.27	0.0010381	404.44	410.67	1.2678	3.7749	4.1990	1558.2	-0.18093	292.54	0.67930	liquid
371.28	6.0000	962.42	0.0010391	409.53	415.76	1.2816	3.7687	4.2003	1557.2	-0.18024	288.79	0.67981	liquid
372.49	6.0000	961.56	0.0010400	414.61	420.85	1.2952	3.7625	4.2016	1556.3	-0.17955	285.12	0.68029	liquid
373.71	6.0000	960.70	0.0010409	419.69	425.94	1.3089	3.7563	4.2029	1555.3	-0.17885	281.54	0.68076	liquid
374.92	6.0000	959.83	0.0010418	424.78	431.03	1.3225	3.7501	4.2043	1554.2	-0.17815	278.03	0.68121	liquid
376.13	6.0000	958.96	0.0010428	429.87	436.13	1.3361	3.7440	4.2057	1553.1	-0.17744	274.61	0.68164	liquid
377.34	6.0000	958.07	0.0010438	434.96	441.22	1.3496	3.7378	4.2071	1552.0	-0.17673	271.26	0.68205	liquid
378.55	6.0000	957.19	0.0010447	440.05	446.32	1.3631	3.7317	4.2086	1550.8	-0.17601	267.98	0.68245	liquid
379.76	6.0000	956.29	0.0010457	445.14	451.42	1.3765	3.7256	4.2101	1549.6	-0.17529	264.78	0.68282	liquid
380.97	6.0000	955.39	0.0010467	450.24	456.52	1.3899	3.7195	4.2116	1548.3	-0.17457	261.64	0.68318	liquid
382.19	6.0000	954.48	0.0010477	455.34	461.62	1.4033	3.7134	4.2132	1547.0	-0.17384	258.57	0.68351	liquid
383.40	6.0000	953.57	0.0010487	460.43	466.73	1.4166	3.7073	4.2148	1545.7	-0.17311	255.57	0.68383	liquid
384.61	6.0000	952.65	0.0010497	465.54	471.83	1.4299	3.7012	4.2164	1544.3	-0.17237	252.63	0.68414	liquid
385.82	6.0000	951.72	0.0010507	470.64	476.94	1.4432	3.6952	4.2181	1542.9	-0.17162	249.75	0.68442	liquid
387.03	6.0000	950.79	0.0010518	475.74	482.05	1.4564	3.6891	4.2198	1541.4	-0.17087	246.93	0.68468	liquid
388.24	6.0000	949.85	0.0010528	480.85	487.17	1.4696	3.6831	4.2215	1539.9	-0.17012	244.18	0.68493	liquid
389.45	6.0000	948.91	0.0010538	485.96	492.28	1.4828	3.6771	4.2233	1538.3	-0.16936	241.47	0.68516	liquid
390.67	6.0000	947.96	0.0010549	491.07	497.40	1.4959	3.6711	4.2251	1536.7	-0.16859	238.83	0.68537	liquid
391.88	6.0000	947.00	0.0010560	496.18	502.52	1.5090	3.6652	4.2269	1535.1	-0.16782	236.23	0.68557	liquid
393.09	6.0000	946.03	0.0010570	501.30	507.64	1.5220	3.6592	4.2288	1533.5	-0.16704	233.69	0.68574	liquid
394.30	6.0000	945.06	0.0010581	506.41	512.76	1.5350	3.6533	4.2308	1531.8	-0.16626	231.20	0.68590	liquid
395.51	6.0000	944.09	0.0010592	511.53	517.89	1.5480	3.6474	4.2327	1530.0	-0.16547	228.76	0.68604	liquid
396.72	6.0000	943.11	0.0010603	516.66	523.02	1.5610	3.6415	4.2347	1528.3	-0.16467	226.37	0.68617	liquid
397.93	6.0000	942.12	0.0010614	521.78	528.15	1.5739	3.6356	4.2368	1526.4	-0.16387	224.02	0.68627	liquid
399.15	6.0000	941.12	0.0010626	526.91	533.28	1.5868	3.6297	4.2389	1524.6	-0.16306	221.72	0.68637	liquid
400.36	6.0000	940.12	0.0010637	532.04	538.42	1.5996	3.6239	4.2410	1522.7	-0.16224	219.47	0.68644	liquid
401.57	6.0000	939.11	0.0010648	537.17	543.56	1.6124	3.6181	4.2432	1520.8	-0.16142	217.26	0.68649	liquid
402.78	6.0000	938.10	0.0010660	542.30	548.70	1.6252	3.6123	4.2454	1518.8	-0.16059	215.09	0.68653	liquid
403.99	6.0000	937.08	0.0010671	547.44	553.84	1.6380	3.6065	4.2477	1516.8	-0.15975	212.96	0.68656	liquid
405.20	6.0000	936.05	0.0010683	552.58	558.99	1.6507	3.6007	4.2500	1514.8	-0.15890	210.87	0.68656	liquid
406.41	6.0000	935.02	0.0010695	557.72	564.14	1.6634	3.5950	4.2523	1512.7	-0.15805	208.82	0.68655	liquid
407.63	6.0000	933.98	0.0010707	562.87	569.29	1.6760	3.5893	4.2547	1510.6	-0.15719	206.81	0.68653	liquid
408.84	6.0000	932.94	0.0010719	568.02	574.45	1.6887	3.5836	4.2571	1508.5	-0.15632	204.84	0.68648	liquid
410.05	6.0000	931.88	0.0010731	573.17	579.61	1.7013	3.5779	4.2596	1506.3	-0.15545	202.90	0.68642	liquid
411.26	6.0000	930.83	0.0010743	578.32	584.77	1.7138	3.5723	4.2621	1504.1	-0.15456	200.99	0.68635	liquid
412.47	6.0000	929.76	0.0010755	583.48	589.93	1.7264	3.5666	4.2647	1501.9	-0.15367	199.13	0.68626	liquid
413.68	6.0000	928.69	0.0010768	588.64	595.10	1.7389	3.5610	4.2673	1499.6	-0.15277	197.29	0.68615	liquid
414.89	6.0000	927.62	0.0010780	593.80	600.27	1.7514	3.5555	4.2700	1497.3	-0.15186	195.49	0.68602	liquid
416.11	6.0000	926.53	0.0010793	598.97	605.45	1.7638	3.5499	4.2727	1495.0	-0.15094	193.72	0.68588	liquid
417.32	6.0000	925.45	0.0010806	604.14	610.62	1.7762	3.5444	4.2755	1492.6	-0.15001	191.98	0.68573	liquid
418.53	6.0000	924.35	0.0010818	609.31	615.81	1.7886	3.5389	4.2783	1490.2	-0.14907	190.27	0.68556	liquid
419.74	6.0000	923.25	0.0010831	614.49	620.99	1.8010	3.5334	4.2812	1487.8	-0.14813	188.59	0.68537	liquid
420.95	6.0000	922.14	0.0010844	619.67	626.18	1.8134	3.5279	4.2841	1485.3	-0.14717	186.94	0.68517	liquid
422.16	6.0000	921.03	0.0010857	624.86	631.37	1.8257	3.5224	4.2871	1482.8	-0.14620	185.32	0.68495	liquid
423.37	6.0000	919.91	0.0010871	630.04	636.57	1.8380	3.5170	4.2901	1480.2	-0.14523	183.72	0.68471	liquid
424.59	6.0000	918.78	0.0010884	635.23	641.76	1.8502	3.5116	4.2932	1477.7	-0.14424	182.16	0.68446	liquid
425.80	6.0000	917.65	0.0010897	640.43	646.97	1.8625	3.5063	4.2963	1475.0	-0.14325	180.61	0.68420	liquid
427.01	6.0000	916.51	0.0010911	645.63	652.17	1.8747	3.5009	4.2995	1472.4	-0.14224	179.10	0.68392	liquid
428.22	6.0000	915.36	0.0010925	650.83	657.38	1.8868	3.4956	4.3027	1469.7	-0.14122	177.61	0.68362	liquid
429.43	6.0000	914.21	0.0010938	656.03	662.60	1.8990	3.4903	4.3060	1467.0	-0.14019	176.14	0.68331	liquid
430.64	6.0000	913.05	0.0010952	661.24	667.82	1.9111	3.4850	4.3094	1464.3	-0.13915	174.70	0.68298	liquid
431.85	6.0000	911.89	0.0010966	666.46	673.04	1.9233	3.4797	4.3128	1461.5	-0.13810	173.28	0.68264	liquid
433.06	6.0000	910.71	0.0010980	671.68	678.27	1.9353	3.4745	4.3162	1458.7	-0.13704	171.88	0.68229	liquid
434.28	6.0000	909.53	0.0010995	676.90	683.50	1.9474	3.4693	4.3198	1455.9	-0.13596	170.51	0.68206	liquid
435.49	6.0000	908.35	0.0011009	682.13	688.73	1.9594	3.4641	4.3234	1453.0	-0.13488	169.16	0.68175	liquid
436.70	6.0000	907.16	0.0011023	687.36	693.97	1.9715	3.4590	4.3270	1450.1	-0.13378	167.83	0.68141	liquid
437.91	6.0000	905.96	0.0011038	692.59	699.21	1.9834	3.4538	4.3307	1447.2	-0.13267	166.52	0.68105	liquid
439.12	6.0000	904.75	0.0011053	697.83	704.46	1.9954	3.4487	4.3345	1444.2	-0.13154	165.23	0.68066	liquid
440.33	6.0000	903.54	0.0011068	703.08	709.72	2.0074	3.4436	4.3383	1441.2	-0.13041	163.96	0.68026	liquid
441.54	6.0000	902.32	0.0011082	708.32	714.97	2.0193	3.4386	4.3422	1438.2	-0.12926	162.71	0.67984	liquid
442.76	6.0000	901.10	0.0011098	713.58	720.24	2.0312	3.4335	4.3462	1435.1	-0.12809	161.48	0.67941	liquid
443.97	6.0000	899.87	0.0011113	718.84	725.50	2.0431	3.4285	4.3502	1432.1	-0.12691	160.26	0.67895	liquid
445.18	6.0000	898.63	0.0011128	724.10	730.78	2.0549	3.4235	4.3543	1428.9	-0.12572	159.07	0.67849	liquid
446.39	6.0000	897.38	0.0011144	729.37	736.05	2.0668	3.4186	4.3585	1425.8	-0.12452	157.89	0.67800	liquid
447.60	6.0000	896.13	0.0011159	734.64	741.34	2.0786	3.4136	4.3628	1422.6	-0.12330	156.73	0.67751	liquid
448.81	6.0000	894.87	0.0011175	739.92	746.62	2.0904	3.4087	4.3671	1419.4	-0.12206	155.59	0.67699	liquid
450.02	6.0000	893.60	0.0011191	745.20	751.92	2.1022	3.4038	4.3714	1416.1	-0.12081	154.46	0.67647	liquid
451.24	6.0000	892.33	0.0011207	750.49	757.22	2.1139	3.3989	4.3759	1412.9	-0.11954	153.35	0.67593	liquid
452.45	6.0000	891.05	0.0011223	755.79	762.52	2.1257	3.3941	4.3804	1409.5	-0.11826	152.26	0.67537	liquid
453.66	6.0000	889.76	0.0011239	761.08	767.83	2.1374	3.3893	4.3850	1406.2	-0.11696	151.18	0.67480	liquid
454.87	6.0000	888.47	0.0011255	766.39	773.14	2.1491	3.3845	4.3897	1402.8	-0.11565	150.12	0.67421	liquid
456.08	6.0000	887.16	0.0011272	771.70	778.46	2.1608	3.3797	4.3945	1399.4	-0.11432	149.07	0.67362	liquid
457.29	6.0000	885.85	0.0011289	777.02	783.79	2.1724	3.3750	4.3993	1396.0	-0.11297	148.04	0.67300	liquid
458.50	6.0000	884.54	0.0011305	782.34	789.12	2.1841	3.3702	4.4042	1392.5	-0.11160	147.02	0.67238	liquid
459.72	6.0000	883.21	0.0011322	787.67	794.46	2.1957	3.3655	4.4092	1389.0	-0.11022	146.01	0.67173	liquid
460.93	6.0000	881.88	0.0011339	793.00	799.80	2.2073	3.3609	4.4143	1385.5	-0.10882	145.02	0.67108	liquid
462.14	6.0000	880.54	0.0011357	798.34	805.16	2.2189	3.3562	4.4195	1381.9	-0.10740	144.04	0.67041	liquid
463.35	6.0000	879.19	0.0011374	803.69	810.51	2.2305	3.3516	4.4247	1378.3	-0.10596	143.08	0.66973	liquid
464.56	6.0000	877.84	0.0011392	809.04	815.88	2.2420	3.3470	4.4301	1374.7	-0.10450	142.12	0.66903	liquid
465.77	6.0000	876.47	0.0011409	814.40	821.25	2.2536	3.3424	4.4355	1371.1	-0.10302	141.18	0.66832	liquid
466.98	6.0000	875.10	0.0011427	819.77	826.62	2.2651	3.3379	4.4410	1367.4	-0.10152	140.25	0.66759	liquid
468.20	6.0000	873.72	0.0011445	825.14	832.01	2.2766	3.3333	4.4466	1363.7	-0.10000	139.34	0.66686	liquid
469.41	6.0000	872.34	0.0011463	830.52	837.40	2.2881	3.3288	4.4523	1359.9	-0.098462	138.43	0.66611	liquid
470.62	6.0000	870.94	0.0011482	835.90	842.79	2.2996	3.3244	4.4581	1356.1	-0.096900	137.54	0.66534	liquid
471.83	6.0000	869.54	0.0011500	841.30	848.20	2.3111	3.3199	4.4640	1352.3	-0.095316	136.66	0.66456	liquid
473.04	6.0000	868.13	0.0011519	846.70	853.61	2.3225	3.3155	4.4700	1348.5	-0.093710	135.79	0.66377	liquid
474.25	6.0000	866.71	0.0011538	852.10	859.03	2.3340	3.3111	4.4761	1344.6	-0.092081	134.93	0.66296	liquid
475.46	6.0000	865.29	0.0011557	857.52	864.45	2.3454	3.3067	4.4823	1340.7	-0.090429	134.08	0.66214	liquid
476.68	6.0000	863.85	0.0011576	862.94	869.89	2.3568	3.3024	4.4887	1336.7	-0.088752	133.24	0.66131	liquid
477.89	6.0000	862.41	0.0011595	868.37	875.33	2.3682	3.2980	4.4951	1332.8	-0.087052	132.41	0.66046	liquid
479.10	6.0000	860.95	0.0011615	873.81	880.78	2.3796	3.2937	4.5016	1328.7	-0.085326	131.59	0.65960	liquid
480.31	6.0000	859.49	0.0011635	879.25	886.23	2.3910	3.2894	4.5083	1324.7	-0.083575	130.78	0.65873	liquid
481.52	6.0000	858.02	0.0011655	884.71	891.70	2.4023	3.2852	4.5150	1320.6	-0.081797	129.98	0.65784	liquid
482.73	6.0000	856.54	0.0011675	890.17	897.17	2.4137	3.2810	4.5219	1316.5	-0.079993	129.18	0.65694	liquid
483.94	6.0000	855.05	0.0011695	895.64	902.66	2.4250	3.2768	4.5289	1312.4	-0.078161	128.40	0.65603	liquid
485.16	6.0000	853.56	0.0011716	901.12	908.15	2.4364	3.2726	4.5360	1308.2	-0.076301	127.63	0.65510	liquid
486.37	6.0000	852.05	0.0011736	906.60	913.65	2.4477	3.2684	4.5433	1304.0	-0.074413	126.86	0.65416	liquid
487.58	6.0000	850.54	0.0011757	912.10	919.15	2.4590	3.2643	4.5506	1299.8	-0.072495	126.11	0.65321	liquid
488.79	6.0000	849.01	0.0011778	917.60	924.67	2.4703	3.2602	4.5581	1295.5	-0.070547	125.36	0.65224	liquid
490.00	6.0000	847.48	0.0011800	923.12	930.20	2.4816	3.2561	4.5658	1291.2	-0.068569	124.62	0.65126	liquid
491.21	6.0000	845.93	0.0011821	928.64	935.73	2.4929	3.2521	4.5736	1286.8	-0.066558	123.88	0.65026	liquid
492.42	6.0000	844.38	0.0011843	934.17	941.28	2.5041	3.2480	4.5815	1282.5	-0.064516	123.16	0.64926	liquid
493.63	6.0000	842.81	0.0011865	939.71	946.83	2.5154	3.2440	4.5896	1278.1	-0.062440	122.44	0.64823	liquid
494.85	6.0000	841.24	0.0011887	945.27	952.40	2.5267	3.2401	4.5978	1273.6	-0.060331	121.73	0.64720	liquid
496.06	6.0000	839.66	0.0011910	950.83	957.97	2.5379	3.2361	4.6061	1269.1	-0.058186	121.03	0.64615	liquid
497.27	6.0000	838.06	0.0011932	956.40	963.56	2.5492	3.2322	4.6147	1264.6	-0.056006	120.33	0.64509	liquid
498.48	6.0000	836.46	0.0011955	961.98	969.15	2.5604	3.2283	4.6233	1260.1	-0.053790	119.64	0.64401	liquid
499.69	6.0000	834.84	0.0011978	967.57	974.76	2.5716	3.2244	4.6322	1255.5	-0.051536	118.96	0.64293	liquid
500.90	6.0000	833.22	0.0012002	973.17	980.38	2.5829	3.2206	4.6412	1250.9	-0.049243	118.29	0.64182	liquid
502.11	6.0000	831.58	0.0012025	978.79	986.00	2.5941	3.2168	4.6504	1246.2	-0.046911	117.62	0.64071	liquid
503.33	6.0000	829.93	0.0012049	984.41	991.64	2.6053	3.2130	4.6597	1241.5	-0.044538	116.95	0.63958	liquid
504.54	6.0000	828.27	0.0012073	990.05	997.29	2.6165	3.2092	4.6693	1236.8	-0.042124	116.30	0.63843	liquid
505.75	6.0000	826.60	0.0012098	995.70	1003.0	2.6277	3.2055	4.6790	1232.0	-0.039667	115.65	0.63728	liquid
506.96	6.0000	824.92	0.0012122	1001.4	1008.6	2.6389	3.2018	4.6889	1227.2	-0.037166	115.00	0.63611	liquid
508.17	6.0000	823.23	0.0012147	1007.0	1014.3	2.6501	3.1981	4.6990	1222.3	-0.034620	114.36	0.63492	liquid
509.38	6.0000	821.52	0.0012173	1012.7	1020.0	2.6613	3.1944	4.7094	1217.5	-0.032027	113.73	0.63373	liquid
510.59	6.0000	819.80	0.0012198	1018.4	1025.7	2.6725	3.1908	4.7199	1212.5	-0.029386	113.10	0.63251	liquid
511.81	6.0000	818.07	0.0012224	1024.1	1031.4	2.6837	3.1872	4.7306	1207.6	-0.026697	112.47	0.63129	liquid
513.02	6.0000	816.33	0.0012250	1029.8	1037.2	2.6949	3.1836	4.7416	1202.6	-0.023957	111.86	0.63005	liquid
514.23	6.0000	814.58	0.0012276	1035.6	1042.9	2.7061	3.1801	4.7528	1197.5	-0.021165	111.24	0.62879	liquid
515.44	6.0000	812.81	0.0012303	1041.3	1048.7	2.7173	3.1766	4.7642	1192.4	-0.018319	110.63	0.62753	liquid
516.65	6.0000	811.03	0.0012330	1047.1	1054.5	2.7285	3.1731	4.7759	1187.3	-0.015418	110.03	0.62624	liquid
517.86	6.0000	809.23	0.0012357	1052.9	1060.3	2.7397	3.1697	4.7878	1182.1	-0.012460	109.43	0.62495	liquid
519.07	6.0000	807.42	0.0012385	1058.6	1066.1	2.7509	3.1663	4.8000	1176.9	-0.0094443	108.84	0.62364	liquid
520.29	6.0000	805.60	0.0012413	1064.5	1071.9	2.7621	3.1629	4.8125	1171.7	-0.0063677	108.24	0.62231	liquid
521.50	6.0000	803.76	0.0012441	1070.3	1077.7	2.7733	3.1595	4.8252	1166.4	-0.0032289	107.66	0.62097	liquid
522.71	6.0000	801.91	0.0012470	1076.1	1083.6	2.7845	3.1562	4.8382	1161.0	-2.5771e-05	107.08	0.61962	liquid
523.92	6.0000	800.05	0.0012499	1082.0	1089.5	2.7957	3.1529	4.8515	1155.7	0.0032436	106.50	0.61825	liquid
525.13	6.0000	798.17	0.0012529	1087.8	1095.3	2.8070	3.1496	4.8651	1150.2	0.0065815	105.92	0.61687	liquid
526.34	6.0000	796.27	0.0012559	1093.7	1101.3	2.8182	3.1464	4.8791	1144.7	0.0099901	105.35	0.61547	liquid
527.55	6.0000	794.36	0.0012589	1099.6	1107.2	2.8294	3.1432	4.8933	1139.2	0.013472	104.79	0.61406	liquid
528.77	6.0000	792.43	0.0012619	1105.5	1113.1	2.8407	3.1401	4.9079	1133.6	0.017029	104.22	0.61263	liquid
529.98	6.0000	790.49	0.0012650	1111.5	1119.1	2.8519	3.1370	4.9229	1128.0	0.020665	103.66	0.61119	liquid
531.19	6.0000	788.53	0.0012682	1117.4	1125.0	2.8632	3.1339	4.9382	1122.4	0.024381	103.10	0.60973	liquid
532.40	6.0000	786.55	0.0012714	1123.4	1131.0	2.8744	3.1308	4.9539	1116.6	0.028181	102.55	0.60825	liquid
533.61	6.0000	784.55	0.0012746	1129.4	1137.0	2.8857	3.1278	4.9699	1110.9	0.032068	102.00	0.60676	liquid
534.82	6.0000	782.54	0.0012779	1135.4	1143.1	2.8970	3.1249	4.9864	1105.0	0.036045	101.45	0.60526	liquid
536.03	6.0000	780.51	0.0012812	1141.4	1149.1	2.9083	3.1219	5.0034	1099.1	0.040115	100.90	0.60374	liquid
537.25	6.0000	778.46	0.0012846	1147.5	1155.2	2.9196	3.1191	5.0207	1093.2	0.044282	100.36	0.60220	liquid
538.46	6.0000	776.39	0.0012880	1153.6	1161.3	2.9309	3.1162	5.0386	1087.2	0.048549	99.819	0.60065	liquid
539.67	6.0000	774.30	0.0012915	1159.6	1167.4	2.9423	3.1134	5.0569	1081.2	0.052921	99.281	0.59908	liquid
540.88	6.0000	772.20	0.0012950	1165.8	1173.5	2.9537	3.1107	5.0757	1075.1	0.057401	98.745	0.59749	liquid
542.09	6.0000	770.07	0.0012986	1171.9	1179.7	2.9650	3.1079	5.0950	1068.9	0.061994	98.210	0.59589	liquid
543.30	6.0000	767.92	0.0013022	1178.1	1185.9	2.9764	3.1053	5.1149	1062.7	0.066704	97.678	0.59427	liquid
544.51	6.0000	765.74	0.0013059	1184.3	1192.1	2.9878	3.1027	5.1354	1056.4	0.071537	97.148	0.59263	liquid
545.73	6.0000	763.55	0.0013097	1190.5	1198.3	2.9993	3.1001	5.1565	1050.0	0.076497	96.619	0.59098	liquid
546.94	6.0000	761.33	0.0013135	1196.7	1204.6	3.0107	3.0976	5.1782	1043.6	0.081590	96.091	0.58931	liquid
548.15	6.0000	759.09	0.0013174	1203.0	1210.9	3.0222	3.0951	5.2005	1037.1	0.086821	95.566	0.58762	liquid
548.73	6.0000	758.00	0.0013193	1206.0	1213.9	3.0278	3.0939	5.2116	1033.9	0.089409	95.311	0.58679	liquid
548.73	6.0000	30.818	0.032448	2589.9	2784.6	5.8901	2.7054	4.8794	493.84	13.102	18.440	0.059066	vapor
549.36	6.0000	30.715	0.032557	2592.3	2787.6	5.8956	2.6829	4.8207	494.89	13.071	18.474	0.058983	vapor
550.57	6.0000	30.519	0.032766	2596.8	2793.4	5.9061	2.6422	4.7147	496.88	13.008	18.539	0.058833	vapor
551.78	6.0000	30.329	0.032971	2601.2	2799.0	5.9164	2.6050	4.6175	498.80	12.944	18.604	0.058696	vapor
552.99	6.0000	30.145	0.033173	2605.5	2804.6	5.9264	2.5709	4.5282	500.65	12.878	18.668	0.058569	vapor
554.20	6.0000	29.965	0.033372	2609.8	2810.0	5.9362	2.5395	4.4456	502.45	12.810	18.733	0.058453	vapor
555.42	6.0000	29.790	0.033568	2613.9	2815.4	5.9459	2.5103	4.3689	504.20	12.742	18.797	0.058346	vapor
556.63	6.0000	29.619	0.033762	2618.0	2820.6	5.9553	2.4832	4.2974	505.90	12.673	18.861	0.058248	vapor
557.84	6.0000	29.453	0.033952	2622.1	2825.8	5.9646	2.4579	4.2306	507.56	12.603	18.925	0.058158	vapor
559.05	6.0000	29.291	0.034141	2626.0	2830.9	5.9737	2.4342	4.1680	509.17	12.533	18.988	0.058075	vapor
560.26	6.0000	29.132	0.034327	2629.9	2835.9	5.9826	2.4120	4.1090	510.76	12.462	19.051	0.057999	vapor
561.47	6.0000	28.977	0.034511	2633.7	2840.8	5.9914	2.3909	4.0534	512.30	12.392	19.115	0.057929	vapor
562.68	6.0000	28.825	0.034692	2637.5	2845.7	6.0001	2.3711	4.0007	513.82	12.321	19.177	0.057865	vapor
563.90	6.0000	28.676	0.034872	2641.3	2850.5	6.0087	2.3522	3.9509	515.31	12.250	19.240	0.057807	vapor
565.11	6.0000	28.531	0.035050	2645.0	2855.3	6.0171	2.3343	3.9035	516.77	12.179	19.303	0.057753	vapor
566.32	6.0000	28.388	0.035226	2648.6	2860.0	6.0254	2.3173	3.8583	518.21	12.108	19.365	0.057705	vapor
567.53	6.0000	28.248	0.035401	2652.2	2864.6	6.0336	2.3010	3.8153	519.62	12.037	19.427	0.057662	vapor
568.74	6.0000	28.111	0.035574	2655.8	2869.2	6.0417	2.2854	3.7742	521.01	11.967	19.489	0.057623	vapor
569.95	6.0000	27.976	0.035745	2659.3	2873.8	6.0497	2.2705	3.7349	522.38	11.897	19.551	0.057589	vapor
571.16	6.0000	27.844	0.035914	2662.8	2878.3	6.0576	2.2562	3.6972	523.73	11.827	19.612	0.057558	vapor
572.38	6.0000	27.714	0.036083	2666.2	2882.7	6.0654	2.2424	3.6611	525.06	11.757	19.674	0.057531	vapor
573.59	6.0000	27.587	0.036249	2669.6	2887.1	6.0731	2.2292	3.6264	526.37	11.687	19.735	0.057509	vapor
574.80	6.0000	27.461	0.036415	2673.0	2891.5	6.0807	2.2165	3.5931	527.66	11.618	19.796	0.057489	vapor
576.01	6.0000	27.338	0.036579	2676.4	2895.8	6.0882	2.2042	3.5610	528.94	11.549	19.857	0.057473	vapor
577.22	6.0000	27.217	0.036742	2679.7	2900.1	6.0957	2.1923	3.5300	530.20	11.481	19.918	0.057461	vapor
578.43	6.0000	27.098	0.036903	2683.0	2904.4	6.1030	2.1809	3.5002	531.45	11.413	19.978	0.057451	vapor
579.64	6.0000	26.981	0.037064	2686.2	2908.6	6.1103	2.1698	3.4715	532.68	11.345	20.039	0.057445	vapor
580.86	6.0000	26.865	0.037223	2689.5	2912.8	6.1176	2.1591	3.4437	533.90	11.278	20.099	0.057442	vapor
582.07	6.0000	26.752	0.037381	2692.7	2917.0	6.1247	2.1487	3.4169	535.11	11.211	20.159	0.057441	vapor
583.28	6.0000	26.640	0.037538	2695.9	2921.1	6.1318	2.1386	3.3909	536.30	11.144	20.220	0.057443	vapor
584.49	6.0000	26.530	0.037694	2699.0	2925.2	6.1388	2.1289	3.3658	537.48	11.078	20.280	0.057448	vapor
585.70	6.0000	26.421	0.037849	2702.1	2929.2	6.1457	2.1194	3.3415	538.65	11.012	20.339	0.057455	vapor
586.91	6.0000	26.314	0.038002	2705.3	2933.3	6.1526	2.1102	3.3180	539.81	10.947	20.399	0.057465	vapor
588.12	6.0000	26.209	0.038155	2708.3	2937.3	6.1594	2.1013	3.2952	540.95	10.882	20.459	0.057477	vapor
589.34	6.0000	26.105	0.038307	2711.4	2941.3	6.1662	2.0927	3.2731	542.09	10.817	20.518	0.057492	vapor
590.55	6.0000	26.002	0.038458	2714.5	2945.2	6.1729	2.0843	3.2517	543.21	10.753	20.577	0.057509	vapor
591.76	6.0000	25.901	0.038609	2717.5	2949.1	6.1795	2.0761	3.2309	544.32	10.689	20.637	0.057528	vapor
592.97	6.0000	25.801	0.038758	2720.5	2953.0	6.1861	2.0682	3.2107	545.42	10.626	20.696	0.057549	vapor
594.18	6.0000	25.703	0.038906	2723.5	2956.9	6.1926	2.0605	3.1911	546.52	10.563	20.755	0.057572	vapor
595.39	6.0000	25.606	0.039054	2726.4	2960.8	6.1991	2.0529	3.1720	547.60	10.500	20.814	0.057598	vapor
596.60	6.0000	25.510	0.039201	2729.4	2964.6	6.2056	2.0456	3.1535	548.68	10.438	20.872	0.057625	vapor
597.82	6.0000	25.415	0.039347	2732.3	2968.4	6.2119	2.0385	3.1355	549.74	10.377	20.931	0.057654	vapor
599.03	6.0000	25.321	0.039492	2735.2	2972.2	6.2183	2.0316	3.1180	550.80	10.316	20.990	0.057685	vapor
600.24	6.0000	25.229	0.039637	2738.1	2976.0	6.2245	2.0249	3.1010	551.85	10.255	21.048	0.057718	vapor
601.45	6.0000	25.138	0.039780	2741.0	2979.7	6.2308	2.0183	3.0844	552.89	10.194	21.106	0.057753	vapor
602.66	6.0000	25.048	0.039924	2743.9	2983.4	6.2370	2.0119	3.0683	553.92	10.135	21.165	0.057789	vapor
603.87	6.0000	24.959	0.040066	2746.7	2987.1	6.2431	2.0057	3.0526	554.94	10.075	21.223	0.057827	vapor
605.08	6.0000	24.871	0.040208	2749.6	2990.8	6.2492	1.9996	3.0373	555.96	10.016	21.281	0.057867	vapor
606.30	6.0000	24.784	0.040349	2752.4	2994.5	6.2553	1.9937	3.0224	556.97	9.9572	21.339	0.057908	vapor
607.51	6.0000	24.698	0.040489	2755.2	2998.1	6.2613	1.9879	3.0079	557.97	9.8990	21.396	0.057951	vapor
608.72	6.0000	24.613	0.040629	2758.0	3001.8	6.2673	1.9823	2.9937	558.96	9.8411	21.454	0.057996	vapor
609.93	6.0000	24.529	0.040768	2760.8	3005.4	6.2732	1.9768	2.9799	559.95	9.7837	21.512	0.058042	vapor
611.14	6.0000	24.446	0.040907	2763.6	3009.0	6.2791	1.9714	2.9665	560.93	9.7267	21.569	0.058089	vapor
612.35	6.0000	24.364	0.041045	2766.3	3012.6	6.2850	1.9662	2.9534	561.90	9.6701	21.627	0.058138	vapor
613.56	6.0000	24.282	0.041182	2769.1	3016.2	6.2908	1.9611	2.9406	562.87	9.6139	21.684	0.058189	vapor
614.77	6.0000	24.202	0.041319	2771.8	3019.7	6.2966	1.9562	2.9281	563.83	9.5581	21.742	0.058241	vapor
615.99	6.0000	24.122	0.041455	2774.5	3023.3	6.3023	1.9514	2.9160	564.78	9.5028	21.799	0.058294	vapor
617.20	6.0000	24.044	0.041591	2777.2	3026.8	6.3081	1.9466	2.9041	565.73	9.4478	21.856	0.058348	vapor
618.41	6.0000	23.966	0.041726	2779.9	3030.3	6.3137	1.9420	2.8925	566.67	9.3933	21.913	0.058404	vapor
619.62	6.0000	23.889	0.041861	2782.6	3033.8	6.3194	1.9375	2.8812	567.60	9.3391	21.970	0.058461	vapor
620.83	6.0000	23.812	0.041995	2785.3	3037.3	6.3250	1.9332	2.8701	568.53	9.2853	22.027	0.058519	vapor
622.04	6.0000	23.737	0.042129	2788.0	3040.7	6.3306	1.9289	2.8593	569.45	9.2320	22.083	0.058579	vapor
623.25	6.0000	23.662	0.042262	2790.6	3044.2	6.3361	1.9247	2.8488	570.37	9.1790	22.140	0.058640	vapor
624.47	6.0000	23.588	0.042395	2793.3	3047.6	6.3417	1.9206	2.8385	571.28	9.1264	22.197	0.058702	vapor
625.68	6.0000	23.514	0.042527	2795.9	3051.1	6.3471	1.9166	2.8284	572.19	9.0743	22.253	0.058765	vapor
626.89	6.0000	23.442	0.042659	2798.5	3054.5	6.3526	1.9128	2.8186	573.09	9.0225	22.310	0.058829	vapor
628.10	6.0000	23.370	0.042790	2801.2	3057.9	6.3580	1.9090	2.8089	573.99	8.9711	22.366	0.058894	vapor
629.31	6.0000	23.299	0.042921	2803.8	3061.3	6.3634	1.9053	2.7995	574.88	8.9200	22.423	0.058961	vapor
630.52	6.0000	23.228	0.043052	2806.4	3064.7	6.3688	1.9017	2.7903	575.77	8.8694	22.479	0.059028	vapor
631.73	6.0000	23.158	0.043182	2809.0	3068.1	6.3742	1.8981	2.7814	576.65	8.8191	22.535	0.059097	vapor
632.95	6.0000	23.089	0.043311	2811.6	3071.4	6.3795	1.8947	2.7726	577.52	8.7692	22.591	0.059167	vapor
634.16	6.0000	23.020	0.043441	2814.1	3074.8	6.3848	1.8913	2.7640	578.39	8.7197	22.647	0.059238	vapor
635.37	6.0000	22.952	0.043569	2816.7	3078.1	6.3900	1.8880	2.7556	579.26	8.6706	22.703	0.059309	vapor
636.58	6.0000	22.884	0.043698	2819.3	3081.5	6.3953	1.8848	2.7473	580.12	8.6218	22.759	0.059382	vapor
637.79	6.0000	22.818	0.043826	2821.8	3084.8	6.4005	1.8817	2.7393	580.98	8.5734	22.815	0.059456	vapor
639.00	6.0000	22.751	0.043954	2824.4	3088.1	6.4057	1.8786	2.7314	581.83	8.5254	22.871	0.059531	vapor
640.21	6.0000	22.686	0.044081	2826.9	3091.4	6.4109	1.8757	2.7237	582.68	8.4777	22.926	0.059606	vapor
641.43	6.0000	22.620	0.044208	2829.4	3094.7	6.4160	1.8727	2.7161	583.53	8.4304	22.982	0.059683	vapor
642.64	6.0000	22.556	0.044334	2832.0	3098.0	6.4211	1.8699	2.7087	584.37	8.3834	23.037	0.059761	vapor
643.85	6.0000	22.492	0.044460	2834.5	3101.3	6.4262	1.8671	2.7015	585.20	8.3368	23.093	0.059839	vapor
645.06	6.0000	22.428	0.044586	2837.0	3104.5	6.4313	1.8644	2.6944	586.04	8.2906	23.148	0.059919	vapor
646.27	6.0000	22.365	0.044712	2839.5	3107.8	6.4363	1.8617	2.6875	586.86	8.2446	23.204	0.059999	vapor
647.48	6.0000	22.303	0.044837	2842.0	3111.0	6.4414	1.8592	2.6807	587.69	8.1991	23.259	0.060080	vapor
648.69	6.0000	22.241	0.044962	2844.5	3114.3	6.4464	1.8566	2.6740	588.51	8.1539	23.314	0.060162	vapor
649.91	6.0000	22.180	0.045086	2847.0	3117.5	6.4513	1.8542	2.6675	589.33	8.1090	23.369	0.060245	vapor
651.12	6.0000	22.119	0.045211	2849.5	3120.7	6.4563	1.8517	2.6611	590.14	8.0644	23.425	0.060329	vapor
652.33	6.0000	22.058	0.045334	2852.0	3124.0	6.4613	1.8494	2.6549	590.95	8.0202	23.480	0.060413	vapor
653.54	6.0000	21.998	0.045458	2854.4	3127.2	6.4662	1.8471	2.6487	591.75	7.9763	23.535	0.060498	vapor
654.75	6.0000	21.939	0.045581	2856.9	3130.4	6.4711	1.8448	2.6427	592.55	7.9328	23.590	0.060585	vapor
655.96	6.0000	21.880	0.045704	2859.3	3133.6	6.4759	1.8426	2.6368	593.35	7.8896	23.644	0.060672	vapor
657.17	6.0000	21.821	0.045827	2861.8	3136.8	6.4808	1.8405	2.6311	594.15	7.8467	23.699	0.060759	vapor
658.39	6.0000	21.763	0.045949	2864.3	3139.9	6.4856	1.8384	2.6254	594.94	7.8041	23.754	0.060848	vapor
659.60	6.0000	21.705	0.046071	2866.7	3143.1	6.4905	1.8364	2.6199	595.73	7.7618	23.809	0.060937	vapor
660.81	6.0000	21.648	0.046193	2869.1	3146.3	6.4953	1.8344	2.6144	596.51	7.7199	23.863	0.061027	vapor
662.02	6.0000	21.591	0.046315	2871.6	3149.5	6.5001	1.8324	2.6091	597.29	7.6783	23.918	0.061118	vapor
663.23	6.0000	21.535	0.046436	2874.0	3152.6	6.5048	1.8305	2.6039	598.07	7.6370	23.973	0.061209	vapor
664.44	6.0000	21.479	0.046557	2876.4	3155.8	6.5096	1.8287	2.5988	598.84	7.5959	24.027	0.061302	vapor
665.65	6.0000	21.423	0.046678	2878.8	3158.9	6.5143	1.8268	2.5937	599.61	7.5552	24.082	0.061394	vapor
666.87	6.0000	21.368	0.046798	2881.3	3162.1	6.5190	1.8251	2.5888	600.38	7.5148	24.136	0.061488	vapor
668.08	6.0000	21.314	0.046919	2883.7	3165.2	6.5237	1.8234	2.5840	601.15	7.4747	24.190	0.061582	vapor
669.29	6.0000	21.259	0.047038	2886.1	3168.3	6.5284	1.8217	2.5793	601.91	7.4349	24.245	0.061677	vapor
670.50	6.0000	21.205	0.047158	2888.5	3171.4	6.5330	1.8200	2.5746	602.67	7.3954	24.299	0.061773	vapor
671.71	6.0000	21.152	0.047278	2890.9	3174.6	6.5377	1.8184	2.5701	603.43	7.3562	24.353	0.061870	vapor
672.92	6.0000	21.098	0.047397	2893.3	3177.7	6.5423	1.8169	2.5656	604.18	7.3173	24.407	0.061967	vapor
674.13	6.0000	21.046	0.047516	2895.7	3180.8	6.5469	1.8153	2.5612	604.93	7.2787	24.461	0.062064	vapor
675.34	6.0000	20.993	0.047635	2898.1	3183.9	6.5515	1.8138	2.5569	605.68	7.2403	24.515	0.062163	vapor
676.56	6.0000	20.941	0.047753	2900.4	3187.0	6.5561	1.8124	2.5527	606.42	7.2023	24.569	0.062262	vapor
677.77	6.0000	20.889	0.047872	2902.8	3190.1	6.5607	1.8110	2.5485	607.16	7.1645	24.623	0.062361	vapor
678.98	6.0000	20.838	0.047990	2905.2	3193.1	6.5652	1.8096	2.5445	607.90	7.1270	24.677	0.062461	vapor
680.19	6.0000	20.787	0.048108	2907.6	3196.2	6.5697	1.8082	2.5405	608.64	7.0897	24.731	0.062562	vapor
681.40	6.0000	20.736	0.048225	2909.9	3199.3	6.5743	1.8069	2.5366	609.37	7.0528	24.785	0.062664	vapor
682.61	6.0000	20.686	0.048343	2912.3	3202.4	6.5788	1.8056	2.5327	610.11	7.0161	24.838	0.062766	vapor
683.82	6.0000	20.636	0.048460	2914.7	3205.4	6.5832	1.8044	2.5289	610.84	6.9797	24.892	0.062868	vapor
685.04	6.0000	20.586	0.048577	2917.0	3208.5	6.5877	1.8032	2.5252	611.56	6.9435	24.946	0.062972	vapor
686.25	6.0000	20.537	0.048694	2919.4	3211.5	6.5922	1.8020	2.5216	612.29	6.9076	24.999	0.063076	vapor
687.46	6.0000	20.488	0.048810	2921.7	3214.6	6.5966	1.8008	2.5180	613.01	6.8720	25.053	0.063180	vapor
688.67	6.0000	20.439	0.048927	2924.1	3217.6	6.6010	1.7997	2.5145	613.73	6.8366	25.106	0.063285	vapor
689.88	6.0000	20.390	0.049043	2926.4	3220.7	6.6055	1.7986	2.5111	614.44	6.8015	25.160	0.063390	vapor
691.09	6.0000	20.342	0.049159	2928.8	3223.7	6.6099	1.7975	2.5077	615.16	6.7667	25.213	0.063497	vapor
692.30	6.0000	20.294	0.049275	2931.1	3226.8	6.6143	1.7965	2.5044	615.87	6.7321	25.267	0.063603	vapor
693.52	6.0000	20.247	0.049390	2933.5	3229.8	6.6186	1.7955	2.5012	616.58	6.6977	25.320	0.063710	vapor
694.73	6.0000	20.200	0.049506	2935.8	3232.8	6.6230	1.7945	2.4980	617.28	6.6636	25.373	0.063818	vapor
695.94	6.0000	20.153	0.049621	2938.1	3235.9	6.6273	1.7935	2.4949	617.99	6.6297	25.427	0.063927	vapor
697.15	6.0000	20.106	0.049736	2940.5	3238.9	6.6317	1.7926	2.4918	618.69	6.5961	25.480	0.064035	vapor
698.36	6.0000	20.060	0.049851	2942.8	3241.9	6.6360	1.7917	2.4888	619.39	6.5627	25.533	0.064145	vapor
699.57	6.0000	20.014	0.049966	2945.1	3244.9	6.6403	1.7908	2.4858	620.09	6.5296	25.586	0.064255	vapor
700.78	6.0000	19.968	0.050080	2947.4	3247.9	6.6446	1.7899	2.4829	620.79	6.4967	25.639	0.064365	vapor
702.00	6.0000	19.922	0.050195	2949.7	3250.9	6.6489	1.7891	2.4800	621.48	6.4640	25.692	0.064476	vapor
703.21	6.0000	19.877	0.050309	2952.1	3253.9	6.6532	1.7883	2.4772	622.17	6.4316	25.745	0.064587	vapor
704.42	6.0000	19.832	0.050423	2954.4	3256.9	6.6574	1.7875	2.4745	622.86	6.3994	25.798	0.064699	vapor
705.63	6.0000	19.788	0.050537	2956.7	3259.9	6.6617	1.7867	2.4718	623.55	6.3674	25.851	0.064811	vapor
706.84	6.0000	19.743	0.050650	2959.0	3262.9	6.6659	1.7860	2.4691	624.23	6.3356	25.904	0.064924	vapor
708.05	6.0000	19.699	0.050764	2961.3	3265.9	6.6701	1.7853	2.4665	624.92	6.3041	25.957	0.065038	vapor
709.26	6.0000	19.655	0.050877	2963.6	3268.9	6.6744	1.7846	2.4639	625.60	6.2728	26.010	0.065152	vapor
710.48	6.0000	19.611	0.050990	2965.9	3271.9	6.6786	1.7839	2.4614	626.28	6.2417	26.062	0.065266	vapor
711.69	6.0000	19.568	0.051104	2968.2	3274.8	6.6828	1.7832	2.4589	626.95	6.2108	26.115	0.065381	vapor
712.90	6.0000	19.525	0.051216	2970.5	3277.8	6.6869	1.7826	2.4565	627.63	6.1802	26.168	0.065496	vapor
714.11	6.0000	19.482	0.051329	2972.8	3280.8	6.6911	1.7820	2.4541	628.30	6.1497	26.220	0.065612	vapor
715.32	6.0000	19.439	0.051442	2975.1	3283.8	6.6953	1.7814	2.4518	628.97	6.1195	26.273	0.065728	vapor
716.53	6.0000	19.397	0.051554	2977.4	3286.7	6.6994	1.7808	2.4495	629.64	6.0895	26.326	0.065844	vapor
717.74	6.0000	19.355	0.051667	2979.7	3289.7	6.7035	1.7802	2.4472	630.31	6.0597	26.378	0.065961	vapor
718.96	6.0000	19.313	0.051779	2982.0	3292.7	6.7077	1.7797	2.4450	630.98	6.0301	26.431	0.066079	vapor
720.17	6.0000	19.271	0.051891	2984.3	3295.6	6.7118	1.7792	2.4428	631.64	6.0007	26.483	0.066197	vapor
721.38	6.0000	19.230	0.052003	2986.6	3298.6	6.7159	1.7787	2.4407	632.30	5.9715	26.535	0.066315	vapor
722.59	6.0000	19.189	0.052114	2988.9	3301.5	6.7200	1.7782	2.4386	632.96	5.9425	26.588	0.066434	vapor
723.80	6.0000	19.148	0.052226	2991.1	3304.5	6.7241	1.7777	2.4365	633.62	5.9137	26.640	0.066553	vapor
725.01	6.0000	19.107	0.052337	2993.4	3307.4	6.7281	1.7773	2.4345	634.28	5.8851	26.693	0.066673	vapor
726.22	6.0000	19.066	0.052449	2995.7	3310.4	6.7322	1.7768	2.4325	634.93	5.8567	26.745	0.066793	vapor
727.44	6.0000	19.026	0.052560	2998.0	3313.3	6.7363	1.7764	2.4306	635.59	5.8285	26.797	0.066914	vapor
728.65	6.0000	18.986	0.052671	3000.3	3316.3	6.7403	1.7760	2.4287	636.24	5.8005	26.849	0.067035	vapor
729.86	6.0000	18.946	0.052782	3002.5	3319.2	6.7443	1.7756	2.4268	636.89	5.7726	26.901	0.067156	vapor
731.07	6.0000	18.906	0.052893	3004.8	3322.2	6.7483	1.7753	2.4249	637.54	5.7450	26.954	0.067278	vapor
732.28	6.0000	18.867	0.053003	3007.1	3325.1	6.7524	1.7749	2.4231	638.18	5.7175	27.006	0.067400	vapor
733.49	6.0000	18.827	0.053114	3009.3	3328.0	6.7564	1.7746	2.4213	638.83	5.6903	27.058	0.067522	vapor
734.70	6.0000	18.788	0.053224	3011.6	3331.0	6.7604	1.7743	2.4196	639.47	5.6632	27.110	0.067645	vapor
735.91	6.0000	18.750	0.053335	3013.9	3333.9	6.7643	1.7739	2.4179	640.11	5.6363	27.162	0.067769	vapor
737.13	6.0000	18.711	0.053445	3016.2	3336.8	6.7683	1.7737	2.4162	640.75	5.6096	27.214	0.067892	vapor
738.34	6.0000	18.672	0.053555	3018.4	3339.7	6.7723	1.7734	2.4145	641.39	5.5830	27.266	0.068016	vapor
739.55	6.0000	18.634	0.053665	3020.7	3342.7	6.7762	1.7731	2.4129	642.03	5.5567	27.318	0.068141	vapor
740.76	6.0000	18.596	0.053775	3022.9	3345.6	6.7802	1.7729	2.4113	642.66	5.5305	27.370	0.068266	vapor
741.97	6.0000	18.558	0.053884	3025.2	3348.5	6.7841	1.7726	2.4098	643.30	5.5045	27.421	0.068391	vapor
743.18	6.0000	18.521	0.053994	3027.5	3351.4	6.7881	1.7724	2.4082	643.93	5.4786	27.473	0.068516	vapor
744.39	6.0000	18.483	0.054103	3029.7	3354.3	6.7920	1.7722	2.4067	644.56	5.4530	27.525	0.068642	vapor
745.61	6.0000	18.446	0.054213	3032.0	3357.3	6.7959	1.7720	2.4052	645.19	5.4275	27.577	0.068769	vapor
746.82	6.0000	18.409	0.054322	3034.2	3360.2	6.7998	1.7718	2.4038	645.82	5.4022	27.628	0.068895	vapor
748.03	6.0000	18.372	0.054431	3036.5	3363.1	6.8037	1.7716	2.4023	646.44	5.3770	27.680	0.069022	vapor
749.24	6.0000	18.335	0.054540	3038.8	3366.0	6.8076	1.7715	2.4009	647.07	5.3520	27.732	0.069150	vapor
750.45	6.0000	18.299	0.054649	3041.0	3368.9	6.8115	1.7713	2.3996	647.69	5.3272	27.783	0.069278	vapor
751.66	6.0000	18.262	0.054758	3043.3	3371.8	6.8153	1.7712	2.3982	648.31	5.3025	27.835	0.069406	vapor
752.87	6.0000	18.226	0.054866	3045.5	3374.7	6.8192	1.7710	2.3969	648.93	5.2780	27.887	0.069534	vapor
754.09	6.0000	18.190	0.054975	3047.8	3377.6	6.8230	1.7709	2.3956	649.55	5.2536	27.938	0.069663	vapor
755.30	6.0000	18.154	0.055083	3050.0	3380.5	6.8269	1.7708	2.3943	650.17	5.2294	27.990	0.069792	vapor
756.51	6.0000	18.119	0.055192	3052.3	3383.4	6.8307	1.7707	2.3931	650.79	5.2054	28.041	0.069922	vapor
757.72	6.0000	18.083	0.055300	3054.5	3386.3	6.8345	1.7707	2.3919	651.40	5.1815	28.092	0.070051	vapor
758.93	6.0000	18.048	0.055408	3056.8	3389.2	6.8384	1.7706	2.3907	652.01	5.1578	28.144	0.070182	vapor
760.14	6.0000	18.013	0.055516	3059.0	3392.1	6.8422	1.7705	2.3895	652.63	5.1342	28.195	0.070312	vapor
761.35	6.0000	17.978	0.055624	3061.3	3395.0	6.8460	1.7705	2.3883	653.24	5.1108	28.247	0.070443	vapor
762.57	6.0000	17.943	0.055732	3063.5	3397.9	6.8498	1.7705	2.3872	653.85	5.0875	28.298	0.070574	vapor
763.78	6.0000	17.908	0.055840	3065.7	3400.8	6.8536	1.7704	2.3861	654.45	5.0644	28.349	0.070705	vapor
764.99	6.0000	17.874	0.055948	3068.0	3403.7	6.8573	1.7704	2.3850	655.06	5.0414	28.400	0.070837	vapor
766.20	6.0000	17.840	0.056055	3070.2	3406.6	6.8611	1.7704	2.3839	655.67	5.0186	28.452	0.070969	vapor
767.41	6.0000	17.805	0.056163	3072.5	3409.5	6.8649	1.7704	2.3829	656.27	4.9959	28.503	0.071102	vapor
768.62	6.0000	17.771	0.056270	3074.7	3412.3	6.8686	1.7704	2.3819	656.87	4.9734	28.554	0.071234	vapor
769.83	6.0000	17.738	0.056377	3077.0	3415.2	6.8724	1.7704	2.3808	657.47	4.9510	28.605	0.071367	vapor
771.05	6.0000	17.704	0.056485	3079.2	3418.1	6.8761	1.7705	2.3799	658.07	4.9287	28.656	0.071501	vapor
772.26	6.0000	17.670	0.056592	3081.4	3421.0	6.8799	1.7705	2.3789	658.67	4.9066	28.707	0.071634	vapor
773.47	6.0000	17.637	0.056699	3083.7	3423.9	6.8836	1.7706	2.3780	659.27	4.8846	28.758	0.071768	vapor
774.68	6.0000	17.604	0.056806	3085.9	3426.8	6.8873	1.7706	2.3770	659.87	4.8628	28.809	0.071902	vapor
775.89	6.0000	17.571	0.056913	3088.2	3429.6	6.8910	1.7707	2.3761	660.46	4.8411	28.860	0.072037	vapor
777.10	6.0000	17.538	0.057019	3090.4	3432.5	6.8947	1.7708	2.3752	661.06	4.8195	28.911	0.072172	vapor
778.31	6.0000	17.505	0.057126	3092.6	3435.4	6.8984	1.7709	2.3744	661.65	4.7981	28.962	0.072307	vapor
779.53	6.0000	17.473	0.057233	3094.9	3438.3	6.9021	1.7709	2.3735	662.24	4.7768	29.013	0.072442	vapor
780.74	6.0000	17.440	0.057339	3097.1	3441.1	6.9058	1.7710	2.3727	662.83	4.7556	29.064	0.072578	vapor
781.95	6.0000	17.408	0.057446	3099.3	3444.0	6.9095	1.7712	2.3719	663.42	4.7346	29.115	0.072714	vapor
783.16	6.0000	17.376	0.057552	3101.6	3446.9	6.9132	1.7713	2.3711	664.01	4.7137	29.166	0.072850	vapor
784.37	6.0000	17.344	0.057658	3103.8	3449.8	6.9168	1.7714	2.3703	664.60	4.6929	29.217	0.072987	vapor
785.58	6.0000	17.312	0.057764	3106.0	3452.6	6.9205	1.7715	2.3695	665.18	4.6723	29.267	0.073124	vapor
786.79	6.0000	17.280	0.057871	3108.3	3455.5	6.9241	1.7717	2.3688	665.77	4.6517	29.318	0.073261	vapor
788.01	6.0000	17.248	0.057977	3110.5	3458.4	6.9278	1.7718	2.3680	666.35	4.6313	29.369	0.073398	vapor
789.22	6.0000	17.217	0.058083	3112.7	3461.2	6.9314	1.7720	2.3673	666.93	4.6111	29.420	0.073536	vapor
790.43	6.0000	17.186	0.058188	3115.0	3464.1	6.9350	1.7722	2.3666	667.51	4.5909	29.470	0.073674	vapor
791.64	6.0000	17.154	0.058294	3117.2	3467.0	6.9387	1.7723	2.3659	668.09	4.5709	29.521	0.073812	vapor
792.85	6.0000	17.123	0.058400	3119.4	3469.8	6.9423	1.7725	2.3653	668.67	4.5510	29.572	0.073950	vapor
794.06	6.0000	17.092	0.058506	3121.7	3472.7	6.9459	1.7727	2.3646	669.25	4.5312	29.622	0.074089	vapor
795.27	6.0000	17.062	0.058611	3123.9	3475.6	6.9495	1.7729	2.3640	669.83	4.5115	29.673	0.074228	vapor
796.48	6.0000	17.031	0.058717	3126.1	3478.4	6.9531	1.7731	2.3634	670.40	4.4920	29.723	0.074367	vapor
797.70	6.0000	17.000	0.058822	3128.4	3481.3	6.9567	1.7733	2.3628	670.98	4.4726	29.774	0.074507	vapor
798.91	6.0000	16.970	0.058927	3130.6	3484.1	6.9603	1.7735	2.3622	671.55	4.4533	29.824	0.074646	vapor
800.12	6.0000	16.940	0.059033	3132.8	3487.0	6.9639	1.7737	2.3616	672.12	4.4341	29.875	0.074786	vapor
801.33	6.0000	16.910	0.059138	3135.0	3489.9	6.9674	1.7740	2.3610	672.70	4.4150	29.925	0.074927	vapor
802.54	6.0000	16.880	0.059243	3137.3	3492.7	6.9710	1.7742	2.3605	673.27	4.3960	29.976	0.075067	vapor
803.75	6.0000	16.850	0.059348	3139.5	3495.6	6.9746	1.7744	2.3599	673.84	4.3772	30.026	0.075208	vapor
804.96	6.0000	16.820	0.059453	3141.7	3498.4	6.9781	1.7747	2.3594	674.40	4.3584	30.076	0.075349	vapor
806.18	6.0000	16.790	0.059558	3144.0	3501.3	6.9817	1.7749	2.3589	674.97	4.3398	30.127	0.075490	vapor
807.39	6.0000	16.761	0.059663	3146.2	3504.2	6.9852	1.7752	2.3584	675.54	4.3213	30.177	0.075632	vapor
808.60	6.0000	16.732	0.059768	3148.4	3507.0	6.9887	1.7755	2.3579	676.10	4.3029	30.227	0.075774	vapor
809.81	6.0000	16.702	0.059872	3150.6	3509.9	6.9923	1.7757	2.3575	676.67	4.2846	30.278	0.075916	vapor
811.02	6.0000	16.673	0.059977	3152.9	3512.7	6.9958	1.7760	2.3570	677.23	4.2664	30.328	0.076058	vapor
812.23	6.0000	16.644	0.060081	3155.1	3515.6	6.9993	1.7763	2.3566	677.79	4.2483	30.378	0.076200	vapor
813.44	6.0000	16.615	0.060186	3157.3	3518.4	7.0028	1.7766	2.3561	678.35	4.2303	30.428	0.076343	vapor
814.66	6.0000	16.586	0.060290	3159.6	3521.3	7.0063	1.7769	2.3557	678.91	4.2125	30.479	0.076486	vapor
815.87	6.0000	16.558	0.060395	3161.8	3524.1	7.0098	1.7772	2.3553	679.47	4.1947	30.529	0.076629	vapor
817.08	6.0000	16.529	0.060499	3164.0	3527.0	7.0133	1.7775	2.3549	680.03	4.1770	30.579	0.076773	vapor
818.29	6.0000	16.501	0.060603	3166.2	3529.9	7.0168	1.7778	2.3545	680.59	4.1595	30.629	0.076916	vapor
819.50	6.0000	16.472	0.060707	3168.5	3532.7	7.0203	1.7781	2.3542	681.15	4.1420	30.679	0.077060	vapor
820.71	6.0000	16.444	0.060812	3170.7	3535.6	7.0238	1.7785	2.3538	681.70	4.1247	30.729	0.077204	vapor
821.92	6.0000	16.416	0.060916	3172.9	3538.4	7.0272	1.7788	2.3535	682.26	4.1074	30.779	0.077349	vapor
823.14	6.0000	16.388	0.061020	3175.1	3541.3	7.0307	1.7791	2.3531	682.81	4.0902	30.829	0.077493	vapor
824.35	6.0000	16.360	0.061124	3177.4	3544.1	7.0342	1.7795	2.3528	683.36	4.0732	30.879	0.077638	vapor
825.56	6.0000	16.333	0.061227	3179.6	3547.0	7.0376	1.7798	2.3525	683.91	4.0562	30.929	0.077783	vapor
826.77	6.0000	16.305	0.061331	3181.8	3549.8	7.0411	1.7802	2.3522	684.46	4.0394	30.979	0.077928	vapor
827.98	6.0000	16.277	0.061435	3184.0	3552.7	7.0445	1.7805	2.3519	685.01	4.0226	31.029	0.078073	vapor
829.19	6.0000	16.250	0.061539	3186.3	3555.5	7.0479	1.7809	2.3516	685.56	4.0059	31.079	0.078219	vapor
830.40	6.0000	16.223	0.061642	3188.5	3558.4	7.0514	1.7812	2.3513	686.11	3.9893	31.129	0.078365	vapor
831.62	6.0000	16.195	0.061746	3190.7	3561.2	7.0548	1.7816	2.3511	686.66	3.9729	31.178	0.078511	vapor
832.83	6.0000	16.168	0.061849	3193.0	3564.1	7.0582	1.7820	2.3508	687.21	3.9565	31.228	0.078657	vapor
834.04	6.0000	16.141	0.061953	3195.2	3566.9	7.0616	1.7824	2.3506	687.75	3.9402	31.278	0.078804	vapor
835.25	6.0000	16.114	0.062056	3197.4	3569.7	7.0651	1.7828	2.3504	688.30	3.9240	31.328	0.078950	vapor
836.46	6.0000	16.088	0.062160	3199.6	3572.6	7.0685	1.7831	2.3501	688.84	3.9079	31.378	0.079097	vapor
837.67	6.0000	16.061	0.062263	3201.9	3575.4	7.0719	1.7835	2.3499	689.38	3.8918	31.427	0.079244	vapor
838.88	6.0000	16.034	0.062366	3204.1	3578.3	7.0753	1.7839	2.3497	689.92	3.8759	31.477	0.079392	vapor
840.10	6.0000	16.008	0.062469	3206.3	3581.1	7.0787	1.7843	2.3495	690.47	3.8601	31.527	0.079539	vapor
841.31	6.0000	15.981	0.062573	3208.5	3584.0	7.0820	1.7847	2.3493	691.01	3.8443	31.576	0.079687	vapor
842.52	6.0000	15.955	0.062676	3210.8	3586.8	7.0854	1.7852	2.3492	691.55	3.8286	31.626	0.079835	vapor
843.73	6.0000	15.929	0.062779	3213.0	3589.7	7.0888	1.7856	2.3490	692.08	3.8131	31.676	0.079983	vapor
844.94	6.0000	15.903	0.062882	3215.2	3592.5	7.0922	1.7860	2.3489	692.62	3.7976	31.725	0.080131	vapor
846.15	6.0000	15.877	0.062985	3217.5	3595.4	7.0955	1.7864	2.3487	693.16	3.7822	31.775	0.080280	vapor
847.36	6.0000	15.851	0.063087	3219.7	3598.2	7.0989	1.7868	2.3486	693.69	3.7669	31.824	0.080428	vapor
848.58	6.0000	15.825	0.063190	3221.9	3601.1	7.1022	1.7873	2.3484	694.23	3.7516	31.874	0.080577	vapor
849.79	6.0000	15.800	0.063293	3224.1	3603.9	7.1056	1.7877	2.3483	694.76	3.7365	31.923	0.080726	vapor
851.00	6.0000	15.774	0.063396	3226.4	3606.7	7.1089	1.7881	2.3482	695.30	3.7214	31.973	0.080876	vapor
852.21	6.0000	15.748	0.063498	3228.6	3609.6	7.1123	1.7886	2.3481	695.83	3.7064	32.022	0.081025	vapor
853.42	6.0000	15.723	0.063601	3230.8	3612.4	7.1156	1.7890	2.3480	696.36	3.6915	32.072	0.081175	vapor
854.63	6.0000	15.698	0.063704	3233.1	3615.3	7.1189	1.7895	2.3479	696.89	3.6767	32.121	0.081325	vapor
855.84	6.0000	15.673	0.063806	3235.3	3618.1	7.1223	1.7899	2.3479	697.42	3.6620	32.170	0.081475	vapor
857.05	6.0000	15.647	0.063908	3237.5	3621.0	7.1256	1.7904	2.3478	697.95	3.6473	32.220	0.081625	vapor
858.27	6.0000	15.622	0.064011	3239.7	3623.8	7.1289	1.7909	2.3477	698.48	3.6327	32.269	0.081775	vapor
859.48	6.0000	15.597	0.064113	3242.0	3626.7	7.1322	1.7913	2.3477	699.01	3.6182	32.319	0.081926	vapor
860.69	6.0000	15.573	0.064216	3244.2	3629.5	7.1355	1.7918	2.3476	699.54	3.6038	32.368	0.082077	vapor
861.90	6.0000	15.548	0.064318	3246.4	3632.3	7.1388	1.7923	2.3476	700.06	3.5895	32.417	0.082227	vapor
863.11	6.0000	15.523	0.064420	3248.7	3635.2	7.1421	1.7927	2.3476	700.59	3.5752	32.466	0.082379	vapor
864.32	6.0000	15.499	0.064522	3250.9	3638.0	7.1454	1.7932	2.3475	701.11	3.5610	32.516	0.082530	vapor
865.53	6.0000	15.474	0.064624	3253.1	3640.9	7.1487	1.7937	2.3475	701.64	3.5469	32.565	0.082681	vapor
866.75	6.0000	15.450	0.064726	3255.4	3643.7	7.1520	1.7942	2.3475	702.16	3.5329	32.614	0.082833	vapor
867.96	6.0000	15.425	0.064828	3257.6	3646.6	7.1553	1.7947	2.3475	702.68	3.5189	32.663	0.082985	vapor
869.17	6.0000	15.401	0.064930	3259.8	3649.4	7.1585	1.7952	2.3475	703.21	3.5050	32.712	0.083137	vapor
870.38	6.0000	15.377	0.065032	3262.1	3652.2	7.1618	1.7957	2.3475	703.73	3.4912	32.762	0.083289	vapor
871.59	6.0000	15.353	0.065134	3264.3	3655.1	7.1651	1.7962	2.3475	704.25	3.4775	32.811	0.083441	vapor
872.80	6.0000	15.329	0.065236	3266.5	3657.9	7.1683	1.7967	2.3476	704.77	3.4638	32.860	0.083594	vapor
874.01	6.0000	15.305	0.065338	3268.7	3660.8	7.1716	1.7972	2.3476	705.29	3.4502	32.909	0.083746	vapor
875.23	6.0000	15.281	0.065440	3271.0	3663.6	7.1748	1.7977	2.3477	705.80	3.4367	32.958	0.083899	vapor
876.44	6.0000	15.258	0.065541	3273.2	3666.5	7.1781	1.7982	2.3477	706.32	3.4233	33.007	0.084052	vapor
877.65	6.0000	15.234	0.065643	3275.5	3669.3	7.1813	1.7987	2.3478	706.84	3.4099	33.056	0.084205	vapor
878.86	6.0000	15.210	0.065745	3277.7	3672.2	7.1846	1.7993	2.3478	707.36	3.3966	33.105	0.084359	vapor
880.07	6.0000	15.187	0.065846	3279.9	3675.0	7.1878	1.7998	2.3479	707.87	3.3834	33.154	0.084512	vapor
881.28	6.0000	15.163	0.065948	3282.2	3677.8	7.1910	1.8003	2.3480	708.38	3.3702	33.203	0.084666	vapor
882.49	6.0000	15.140	0.066049	3284.4	3680.7	7.1943	1.8008	2.3480	708.90	3.3571	33.252	0.084820	vapor
883.71	6.0000	15.117	0.066151	3286.6	3683.5	7.1975	1.8014	2.3481	709.41	3.3441	33.301	0.084974	vapor
884.92	6.0000	15.094	0.066252	3288.9	3686.4	7.2007	1.8019	2.3482	709.92	3.3311	33.350	0.085128	vapor
886.13	6.0000	15.071	0.066354	3291.1	3689.2	7.2039	1.8024	2.3483	710.44	3.3182	33.398	0.085282	vapor
887.34	6.0000	15.048	0.066455	3293.3	3692.1	7.2071	1.8030	2.3484	710.95	3.3054	33.447	0.085436	vapor
888.55	6.0000	15.025	0.066556	3295.6	3694.9	7.2103	1.8035	2.3485	711.46	3.2927	33.496	0.085591	vapor
889.76	6.0000	15.002	0.066658	3297.8	3697.8	7.2135	1.8041	2.3487	711.97	3.2800	33.545	0.085746	vapor
890.97	6.0000	14.979	0.066759	3300.0	3700.6	7.2167	1.8046	2.3488	712.48	3.2674	33.594	0.085901	vapor
892.19	6.0000	14.957	0.066860	3302.3	3703.4	7.2199	1.8052	2.3489	712.98	3.2548	33.643	0.086056	vapor
893.40	6.0000	14.934	0.066961	3304.5	3706.3	7.2231	1.8057	2.3490	713.49	3.2423	33.691	0.086211	vapor
894.61	6.0000	14.912	0.067062	3306.8	3709.1	7.2263	1.8063	2.3492	714.00	3.2299	33.740	0.086366	vapor
895.82	6.0000	14.889	0.067163	3309.0	3712.0	7.2295	1.8068	2.3493	714.51	3.2175	33.789	0.086522	vapor
897.03	6.0000	14.867	0.067264	3311.2	3714.8	7.2326	1.8074	2.3495	715.01	3.2052	33.837	0.086677	vapor
898.24	6.0000	14.844	0.067365	3313.5	3717.7	7.2358	1.8080	2.3496	715.52	3.1930	33.886	0.086833	vapor
899.45	6.0000	14.822	0.067466	3315.7	3720.5	7.2390	1.8085	2.3498	716.02	3.1808	33.935	0.086989	vapor
900.67	6.0000	14.800	0.067567	3318.0	3723.4	7.2421	1.8091	2.3500	716.52	3.1687	33.983	0.087145	vapor
901.88	6.0000	14.778	0.067668	3320.2	3726.2	7.2453	1.8097	2.3501	717.03	3.1566	34.032	0.087301	vapor
903.09	6.0000	14.756	0.067769	3322.4	3729.1	7.2484	1.8102	2.3503	717.53	3.1447	34.081	0.087458	vapor
904.30	6.0000	14.734	0.067870	3324.7	3731.9	7.2516	1.8108	2.3505	718.03	3.1327	34.129	0.087614	vapor
905.51	6.0000	14.712	0.067970	3326.9	3734.8	7.2547	1.8114	2.3507	718.53	3.1209	34.178	0.087771	vapor
906.72	6.0000	14.691	0.068071	3329.2	3737.6	7.2579	1.8120	2.3509	719.03	3.1091	34.226	0.087928	vapor
907.93	6.0000	14.669	0.068172	3331.4	3740.5	7.2610	1.8126	2.3511	719.53	3.0973	34.275	0.088085	vapor
909.15	6.0000	14.647	0.068273	3333.7	3743.3	7.2642	1.8131	2.3513	720.03	3.0856	34.323	0.088242	vapor
910.36	6.0000	14.626	0.068373	3335.9	3746.1	7.2673	1.8137	2.3515	720.53	3.0740	34.372	0.088399	vapor
911.57	6.0000	14.604	0.068474	3338.2	3749.0	7.2704	1.8143	2.3517	721.03	3.0624	34.420	0.088556	vapor
912.78	6.0000	14.583	0.068574	3340.4	3751.8	7.2735	1.8149	2.3520	721.53	3.0509	34.469	0.088714	vapor
913.99	6.0000	14.561	0.068675	3342.6	3754.7	7.2767	1.8155	2.3522	722.02	3.0395	34.517	0.088872	vapor
915.20	6.0000	14.540	0.068775	3344.9	3757.5	7.2798	1.8161	2.3524	722.52	3.0281	34.565	0.089029	vapor
916.41	6.0000	14.519	0.068876	3347.1	3760.4	7.2829	1.8167	2.3526	723.01	3.0167	34.614	0.089187	vapor
917.62	6.0000	14.498	0.068976	3349.4	3763.2	7.2860	1.8173	2.3529	723.51	3.0054	34.662	0.089345	vapor
918.84	6.0000	14.477	0.069076	3351.6	3766.1	7.2891	1.8179	2.3531	724.00	2.9942	34.711	0.089504	vapor
920.05	6.0000	14.456	0.069177	3353.9	3768.9	7.2922	1.8185	2.3534	724.50	2.9830	34.759	0.089662	vapor
921.26	6.0000	14.435	0.069277	3356.1	3771.8	7.2953	1.8191	2.3536	724.99	2.9719	34.807	0.089820	vapor
922.47	6.0000	14.414	0.069377	3358.4	3774.6	7.2984	1.8197	2.3539	725.48	2.9609	34.855	0.089979	vapor
923.68	6.0000	14.393	0.069478	3360.6	3777.5	7.3015	1.8203	2.3541	725.97	2.9499	34.904	0.090138	vapor
924.89	6.0000	14.372	0.069578	3362.9	3780.4	7.3046	1.8210	2.3544	726.46	2.9389	34.952	0.090296	vapor
926.10	6.0000	14.352	0.069678	3365.1	3783.2	7.3077	1.8216	2.3547	726.95	2.9280	35.000	0.090455	vapor
927.32	6.0000	14.331	0.069778	3367.4	3786.1	7.3107	1.8222	2.3550	727.44	2.9172	35.048	0.090614	vapor
928.53	6.0000	14.311	0.069878	3369.6	3788.9	7.3138	1.8228	2.3552	727.93	2.9064	35.097	0.090774	vapor
929.74	6.0000	14.290	0.069978	3371.9	3791.8	7.3169	1.8234	2.3555	728.42	2.8957	35.145	0.090933	vapor
930.95	6.0000	14.270	0.070078	3374.1	3794.6	7.3199	1.8241	2.3558	728.91	2.8850	35.193	0.091092	vapor
932.16	6.0000	14.249	0.070178	3376.4	3797.5	7.3230	1.8247	2.3561	729.40	2.8744	35.241	0.091252	vapor
933.37	6.0000	14.229	0.070278	3378.7	3800.3	7.3261	1.8253	2.3564	729.89	2.8638	35.289	0.091412	vapor
934.58	6.0000	14.209	0.070378	3380.9	3803.2	7.3291	1.8259	2.3567	730.37	2.8533	35.337	0.091572	vapor
935.80	6.0000	14.189	0.070478	3383.2	3806.0	7.3322	1.8266	2.3570	730.86	2.8428	35.385	0.091731	vapor
937.01	6.0000	14.169	0.070578	3385.4	3808.9	7.3352	1.8272	2.3573	731.34	2.8324	35.433	0.091892	vapor
938.22	6.0000	14.149	0.070678	3387.7	3811.7	7.3383	1.8278	2.3576	731.83	2.8220	35.481	0.092052	vapor
939.43	6.0000	14.129	0.070778	3389.9	3814.6	7.3413	1.8285	2.3579	732.31	2.8117	35.529	0.092212	vapor
940.64	6.0000	14.109	0.070878	3392.2	3817.5	7.3444	1.8291	2.3583	732.80	2.8014	35.577	0.092372	vapor
941.85	6.0000	14.089	0.070977	3394.5	3820.3	7.3474	1.8297	2.3586	733.28	2.7912	35.625	0.092533	vapor
943.06	6.0000	14.069	0.071077	3396.7	3823.2	7.3504	1.8304	2.3589	733.76	2.7810	35.673	0.092694	vapor
944.28	6.0000	14.049	0.071177	3399.0	3826.0	7.3534	1.8310	2.3593	734.24	2.7709	35.721	0.092854	vapor
945.49	6.0000	14.030	0.071277	3401.2	3828.9	7.3565	1.8317	2.3596	734.73	2.7608	35.769	0.093015	vapor
946.70	6.0000	14.010	0.071376	3403.5	3831.7	7.3595	1.8323	2.3599	735.21	2.7508	35.817	0.093176	vapor
947.91	6.0000	13.991	0.071476	3405.8	3834.6	7.3625	1.8330	2.3603	735.69	2.7408	35.865	0.093337	vapor
949.12	6.0000	13.971	0.071576	3408.0	3837.5	7.3655	1.8336	2.3606	736.17	2.7309	35.913	0.093499	vapor
950.33	6.0000	13.952	0.071675	3410.3	3840.3	7.3685	1.8343	2.3610	736.65	2.7210	35.961	0.093660	vapor
951.54	6.0000	13.933	0.071775	3412.5	3843.2	7.3715	1.8349	2.3613	737.12	2.7111	36.009	0.093822	vapor
952.76	6.0000	13.913	0.071874	3414.8	3846.0	7.3745	1.8356	2.3617	737.60	2.7014	36.056	0.093983	vapor
953.97	6.0000	13.894	0.071974	3417.1	3848.9	7.3776	1.8362	2.3620	738.08	2.6916	36.104	0.094145	vapor
955.18	6.0000	13.875	0.072073	3419.3	3851.8	7.3805	1.8369	2.3624	738.56	2.6819	36.152	0.094307	vapor
956.39	6.0000	13.856	0.072172	3421.6	3854.6	7.3835	1.8375	2.3628	739.03	2.6723	36.200	0.094468	vapor
957.60	6.0000	13.837	0.072272	3423.9	3857.5	7.3865	1.8382	2.3631	739.51	2.6627	36.247	0.094630	vapor
958.81	6.0000	13.818	0.072371	3426.1	3860.4	7.3895	1.8389	2.3635	739.99	2.6531	36.295	0.094793	vapor
960.02	6.0000	13.799	0.072471	3428.4	3863.2	7.3925	1.8395	2.3639	740.46	2.6436	36.343	0.094955	vapor
961.24	6.0000	13.780	0.072570	3430.7	3866.1	7.3955	1.8402	2.3643	740.93	2.6341	36.391	0.095117	vapor
962.45	6.0000	13.761	0.072669	3432.9	3869.0	7.3985	1.8409	2.3647	741.41	2.6247	36.438	0.095279	vapor
963.66	6.0000	13.742	0.072768	3435.2	3871.8	7.4014	1.8415	2.3650	741.88	2.6153	36.486	0.095442	vapor
964.87	6.0000	13.723	0.072868	3437.5	3874.7	7.4044	1.8422	2.3654	742.35	2.6060	36.534	0.095605	vapor
966.08	6.0000	13.705	0.072967	3439.7	3877.5	7.4074	1.8429	2.3658	742.83	2.5967	36.581	0.095767	vapor
967.29	6.0000	13.686	0.073066	3442.0	3880.4	7.4103	1.8435	2.3662	743.30	2.5874	36.629	0.095930	vapor
968.50	6.0000	13.668	0.073165	3444.3	3883.3	7.4133	1.8442	2.3666	743.77	2.5782	36.676	0.096093	vapor
969.72	6.0000	13.649	0.073264	3446.6	3886.1	7.4163	1.8449	2.3670	744.24	2.5691	36.724	0.096256	vapor
970.93	6.0000	13.631	0.073364	3448.8	3889.0	7.4192	1.8455	2.3674	744.71	2.5600	36.771	0.096419	vapor
972.14	6.0000	13.612	0.073463	3451.1	3891.9	7.4222	1.8462	2.3678	745.18	2.5509	36.819	0.096582	vapor
973.35	6.0000	13.594	0.073562	3453.4	3894.8	7.4251	1.8469	2.3683	745.65	2.5418	36.867	0.096745	vapor
974.56	6.0000	13.576	0.073661	3455.7	3897.6	7.4281	1.8476	2.3687	746.12	2.5329	36.914	0.096909	vapor
975.77	6.0000	13.558	0.073760	3457.9	3900.5	7.4310	1.8483	2.3691	746.59	2.5239	36.961	0.097073	vapor
976.98	6.0000	13.539	0.073859	3460.2	3903.4	7.4340	1.8489	2.3695	747.06	2.5150	37.009	0.097236	vapor
978.19	6.0000	13.521	0.073958	3462.5	3906.2	7.4369	1.8496	2.3699	747.52	2.5061	37.056	0.097400	vapor
979.41	6.0000	13.503	0.074057	3464.8	3909.1	7.4398	1.8503	2.3704	747.99	2.4973	37.104	0.097564	vapor
980.62	6.0000	13.485	0.074155	3467.0	3912.0	7.4428	1.8510	2.3708	748.46	2.4885	37.151	0.097728	vapor
981.83	6.0000	13.467	0.074254	3469.3	3914.8	7.4457	1.8517	2.3712	748.92	2.4798	37.199	0.097892	vapor
983.04	6.0000	13.449	0.074353	3471.6	3917.7	7.4486	1.8524	2.3717	749.39	2.4711	37.246	0.098057	vapor
984.25	6.0000	13.431	0.074452	3473.9	3920.6	7.4515	1.8531	2.3721	749.85	2.4624	37.293	0.098221	vapor
985.46	6.0000	13.414	0.074551	3476.2	3923.5	7.4544	1.8537	2.3725	750.32	2.4538	37.341	0.098386	vapor
986.67	6.0000	13.396	0.074650	3478.4	3926.3	7.4574	1.8544	2.3730	750.78	2.4452	37.388	0.098550	vapor
987.89	6.0000	13.378	0.074748	3480.7	3929.2	7.4603	1.8551	2.3734	751.24	2.4366	37.435	0.098715	vapor
989.10	6.0000	13.361	0.074847	3483.0	3932.1	7.4632	1.8558	2.3739	751.71	2.4281	37.483	0.098880	vapor
990.31	6.0000	13.343	0.074946	3485.3	3935.0	7.4661	1.8565	2.3743	752.17	2.4197	37.530	0.099044	vapor
991.52	6.0000	13.325	0.075045	3487.6	3937.8	7.4690	1.8572	2.3748	752.63	2.4112	37.577	0.099209	vapor
992.73	6.0000	13.308	0.075143	3489.9	3940.7	7.4719	1.8579	2.3752	753.09	2.4028	37.624	0.099374	vapor
993.94	6.0000	13.290	0.075242	3492.1	3943.6	7.4748	1.8586	2.3757	753.55	2.3945	37.671	0.099539	vapor
995.15	6.0000	13.273	0.075341	3494.4	3946.5	7.4777	1.8593	2.3762	754.01	2.3862	37.719	0.099705	vapor
996.37	6.0000	13.256	0.075439	3496.7	3949.4	7.4806	1.8600	2.3766	754.47	2.3779	37.766	0.099870	vapor
997.58	6.0000	13.238	0.075538	3499.0	3952.2	7.4835	1.8607	2.3771	754.93	2.3696	37.813	0.10004	vapor
998.79	6.0000	13.221	0.075636	3501.3	3955.1	7.4863	1.8614	2.3776	755.39	2.3614	37.860	0.10020	vapor
1000.0	6.0000	13.204	0.075735	3503.6	3958.0	7.4892	1.8621	2.3780	755.85	2.3533	37.907	0.10037	vapor
