Temperature (K)	Pressure (MPa)	Density (kg/m3)	Volume (m3/kg)	Internal Energy (kJ/kg)	Enthalpy (kJ/kg)	Entropy (J/g*K)	Cv (J/g*K)	Cp (J/g*K)	Sound Spd. (m/s)	Joule-Thomson (K/MPa)	Viscosity (uPa*s)	Therm. Cond. (W/m*K)	Phase
273.16	0.075000	999.83	0.0010002	0.0013798	0.076393	5.0461e-06	4.2171	4.2195	1402.4	-0.24141	1791.2	0.55566	liquid
274.37	0.075000	999.90	0.0010001	5.1105	5.1855	0.018667	4.2144	4.2155	1408.4	-0.24024	1718.1	0.55872	liquid
275.58	0.075000	999.94	0.0010001	10.215	10.290	0.037231	4.2115	4.2119	1414.3	-0.23910	1649.6	0.56170	liquid
276.79	0.075000	999.96	0.0010000	15.315	15.390	0.055697	4.2085	4.2085	1420.0	-0.23798	1585.4	0.56461	liquid
278.01	0.075000	999.96	0.0010000	20.412	20.487	0.074069	4.2054	4.2055	1425.5	-0.23689	1525.2	0.56744	liquid
279.22	0.075000	999.93	0.0010001	25.504	25.579	0.092348	4.2021	4.2027	1430.8	-0.23582	1468.5	0.57021	liquid
280.43	0.075000	999.88	0.0010001	30.594	30.669	0.11054	4.1987	4.2002	1436.1	-0.23478	1415.1	0.57291	liquid
281.64	0.075000	999.81	0.0010002	35.681	35.756	0.12864	4.1952	4.1979	1441.1	-0.23375	1364.8	0.57555	liquid
282.85	0.075000	999.72	0.0010003	40.765	40.840	0.14665	4.1916	4.1957	1446.0	-0.23275	1317.2	0.57813	liquid
284.06	0.075000	999.60	0.0010004	45.846	45.921	0.16458	4.1879	4.1938	1450.8	-0.23177	1272.3	0.58066	liquid
285.27	0.075000	999.47	0.0010005	50.925	51.000	0.18242	4.1840	4.1921	1455.4	-0.23080	1229.8	0.58313	liquid
286.49	0.075000	999.32	0.0010007	56.003	56.078	0.20018	4.1801	4.1905	1459.9	-0.22986	1189.6	0.58554	liquid
287.70	0.075000	999.16	0.0010008	61.078	61.153	0.21786	4.1761	4.1891	1464.3	-0.22892	1151.4	0.58791	liquid
288.91	0.075000	998.97	0.0010010	66.152	66.227	0.23546	4.1719	4.1878	1468.5	-0.22801	1115.1	0.59023	liquid
290.12	0.075000	998.77	0.0010012	71.224	71.299	0.25298	4.1677	4.1866	1472.6	-0.22711	1080.7	0.59250	liquid
291.33	0.075000	998.55	0.0010014	76.295	76.370	0.27042	4.1634	4.1855	1476.6	-0.22622	1047.9	0.59473	liquid
292.54	0.075000	998.32	0.0010017	81.365	81.440	0.28779	4.1590	4.1846	1480.4	-0.22535	1016.7	0.59692	liquid
293.75	0.075000	998.07	0.0010019	86.434	86.509	0.30508	4.1545	4.1837	1484.1	-0.22449	986.96	0.59906	liquid
294.97	0.075000	997.80	0.0010022	91.501	91.576	0.32229	4.1500	4.1830	1487.7	-0.22364	958.61	0.60116	liquid
296.18	0.075000	997.52	0.0010025	96.568	96.643	0.33944	4.1454	4.1823	1491.2	-0.22281	931.55	0.60322	liquid
297.39	0.075000	997.23	0.0010028	101.63	101.71	0.35651	4.1407	4.1817	1494.6	-0.22198	905.70	0.60525	liquid
298.60	0.075000	996.92	0.0010031	106.70	106.77	0.37350	4.1359	4.1812	1497.9	-0.22117	880.99	0.60723	liquid
299.81	0.075000	996.60	0.0010034	111.76	111.84	0.39043	4.1310	4.1808	1501.0	-0.22036	857.34	0.60918	liquid
301.02	0.075000	996.26	0.0010038	116.83	116.90	0.40729	4.1261	4.1804	1504.0	-0.21957	834.71	0.61110	liquid
302.23	0.075000	995.91	0.0010041	121.89	121.97	0.42408	4.1211	4.1801	1507.0	-0.21878	813.03	0.61298	liquid
303.45	0.075000	995.55	0.0010045	126.96	127.03	0.44080	4.1161	4.1798	1509.8	-0.21800	792.24	0.61482	liquid
304.66	0.075000	995.17	0.0010049	132.02	132.09	0.45745	4.1110	4.1796	1512.5	-0.21723	772.30	0.61664	liquid
305.87	0.075000	994.79	0.0010052	137.08	137.16	0.47404	4.1058	4.1795	1515.1	-0.21647	753.16	0.61842	liquid
307.08	0.075000	994.39	0.0010056	142.15	142.22	0.49056	4.1006	4.1794	1517.7	-0.21572	734.78	0.62017	liquid
308.29	0.075000	993.97	0.0010061	147.21	147.28	0.50701	4.0953	4.1793	1520.1	-0.21497	717.11	0.62188	liquid
309.50	0.075000	993.55	0.0010065	152.27	152.35	0.52340	4.0899	4.1793	1522.4	-0.21423	700.12	0.62357	liquid
310.71	0.075000	993.11	0.0010069	157.33	157.41	0.53973	4.0845	4.1793	1524.6	-0.21349	683.78	0.62523	liquid
311.92	0.075000	992.67	0.0010074	162.40	162.47	0.55599	4.0790	4.1794	1526.8	-0.21277	668.05	0.62686	liquid
313.14	0.075000	992.21	0.0010079	167.46	167.54	0.57219	4.0735	4.1795	1528.8	-0.21204	652.89	0.62845	liquid
314.35	0.075000	991.74	0.0010083	172.52	172.60	0.58833	4.0680	4.1796	1530.8	-0.21133	638.30	0.63002	liquid
315.56	0.075000	991.26	0.0010088	177.59	177.66	0.60441	4.0624	4.1798	1532.7	-0.21061	624.22	0.63157	liquid
316.77	0.075000	990.77	0.0010093	182.65	182.73	0.62042	4.0567	4.1800	1534.5	-0.20991	610.65	0.63308	liquid
317.98	0.075000	990.27	0.0010098	187.71	187.79	0.63638	4.0510	4.1802	1536.2	-0.20920	597.55	0.63457	liquid
319.19	0.075000	989.76	0.0010103	192.78	192.85	0.65227	4.0453	4.1804	1537.8	-0.20850	584.90	0.63602	liquid
320.40	0.075000	989.24	0.0010109	197.84	197.92	0.66811	4.0395	4.1807	1539.3	-0.20781	572.69	0.63746	liquid
321.62	0.075000	988.71	0.0010114	202.91	202.98	0.68388	4.0337	4.1810	1540.8	-0.20712	560.89	0.63886	liquid
322.83	0.075000	988.17	0.0010120	207.97	208.05	0.69960	4.0278	4.1813	1542.2	-0.20643	549.48	0.64024	liquid
324.04	0.075000	987.62	0.0010125	213.04	213.11	0.71526	4.0219	4.1817	1543.5	-0.20574	538.46	0.64160	liquid
325.25	0.075000	987.06	0.0010131	218.10	218.18	0.73087	4.0160	4.1820	1544.7	-0.20506	527.79	0.64293	liquid
326.46	0.075000	986.49	0.0010137	223.17	223.24	0.74642	4.0100	4.1824	1545.9	-0.20438	517.46	0.64423	liquid
327.67	0.075000	985.91	0.0010143	228.24	228.31	0.76191	4.0040	4.1828	1546.9	-0.20370	507.47	0.64551	liquid
328.88	0.075000	985.32	0.0010149	233.30	233.38	0.77735	3.9980	4.1833	1547.9	-0.20303	497.79	0.64676	liquid
330.10	0.075000	984.73	0.0010155	238.37	238.45	0.79273	3.9919	4.1837	1548.9	-0.20236	488.41	0.64799	liquid
331.31	0.075000	984.12	0.0010161	243.44	243.52	0.80805	3.9858	4.1842	1549.7	-0.20169	479.32	0.64920	liquid
332.52	0.075000	983.51	0.0010168	248.51	248.58	0.82332	3.9797	4.1847	1550.5	-0.20102	470.51	0.65038	liquid
333.73	0.075000	982.88	0.0010174	253.58	253.65	0.83854	3.9736	4.1853	1551.3	-0.20035	461.97	0.65154	liquid
334.94	0.075000	982.25	0.0010181	258.65	258.72	0.85371	3.9674	4.1858	1551.9	-0.19968	453.68	0.65267	liquid
336.15	0.075000	981.61	0.0010187	263.72	263.80	0.86882	3.9612	4.1864	1552.5	-0.19901	445.64	0.65378	liquid
337.36	0.075000	980.96	0.0010194	268.79	268.87	0.88388	3.9550	4.1870	1553.0	-0.19835	437.84	0.65487	liquid
338.58	0.075000	980.31	0.0010201	273.86	273.94	0.89889	3.9488	4.1876	1553.5	-0.19768	430.26	0.65593	liquid
339.79	0.075000	979.64	0.0010208	278.94	279.01	0.91385	3.9426	4.1882	1553.9	-0.19702	422.90	0.65697	liquid
341.00	0.075000	978.97	0.0010215	284.01	284.09	0.92875	3.9363	4.1889	1554.2	-0.19635	415.75	0.65799	liquid
342.21	0.075000	978.29	0.0010222	289.09	289.16	0.94361	3.9300	4.1896	1554.5	-0.19569	408.80	0.65899	liquid
343.42	0.075000	977.60	0.0010229	294.16	294.24	0.95842	3.9237	4.1903	1554.7	-0.19502	402.05	0.65996	liquid
344.63	0.075000	976.90	0.0010236	299.24	299.31	0.97317	3.9174	4.1910	1554.9	-0.19436	395.48	0.66091	liquid
345.84	0.075000	976.20	0.0010244	304.31	304.39	0.98788	3.9111	4.1918	1555.0	-0.19369	389.09	0.66184	liquid
347.06	0.075000	975.48	0.0010251	309.39	309.47	1.0025	3.9048	4.1925	1555.0	-0.19303	382.88	0.66275	liquid
348.27	0.075000	974.76	0.0010259	314.47	314.55	1.0171	3.8985	4.1933	1555.0	-0.19236	376.83	0.66363	liquid
349.48	0.075000	974.03	0.0010267	319.55	319.63	1.0317	3.8921	4.1942	1554.9	-0.19169	370.95	0.66449	liquid
350.69	0.075000	973.30	0.0010274	324.63	324.71	1.0462	3.8858	4.1950	1554.8	-0.19102	365.22	0.66534	liquid
351.90	0.075000	972.55	0.0010282	329.72	329.79	1.0607	3.8794	4.1959	1554.6	-0.19035	359.64	0.66616	liquid
353.11	0.075000	971.80	0.0010290	334.80	334.88	1.0751	3.8731	4.1968	1554.4	-0.18968	354.21	0.66696	liquid
354.32	0.075000	971.04	0.0010298	339.88	339.96	1.0895	3.8667	4.1977	1554.1	-0.18900	348.92	0.66773	liquid
355.54	0.075000	970.28	0.0010306	344.97	345.05	1.1038	3.8604	4.1987	1553.7	-0.18833	343.76	0.66849	liquid
356.75	0.075000	969.50	0.0010315	350.06	350.13	1.1181	3.8540	4.1996	1553.3	-0.18765	338.73	0.66923	liquid
357.96	0.075000	968.72	0.0010323	355.14	355.22	1.1323	3.8476	4.2006	1552.9	-0.18697	333.83	0.66994	liquid
359.17	0.075000	967.94	0.0010331	360.23	360.31	1.1465	3.8413	4.2017	1552.4	-0.18629	329.06	0.67064	liquid
360.38	0.075000	967.14	0.0010340	365.32	365.40	1.1607	3.8349	4.2027	1551.8	-0.18560	324.40	0.67131	liquid
361.59	0.075000	966.34	0.0010348	370.42	370.49	1.1748	3.8286	4.2038	1551.2	-0.18491	319.85	0.67196	liquid
362.80	0.075000	965.53	0.0010357	375.51	375.59	1.1888	3.8222	4.2049	1550.6	-0.18422	315.42	0.67260	liquid
364.02	0.075000	964.71	0.0010366	380.60	380.68	1.2029	3.8159	4.2061	1549.9	-0.18353	311.09	0.67321	liquid
364.91	0.075000	964.11	0.0010372	384.36	384.44	1.2132	3.8112	4.2070	1549.3	-0.18301	307.97	0.67365	liquid
364.91	0.075000	0.45107	2.2170	2496.1	2662.4	7.4557	1.5356	2.0490	467.88	74.240	11.946	0.023782	vapor
365.23	0.075000	0.45065	2.2190	2496.6	2663.0	7.4575	1.5346	2.0477	468.11	73.867	11.958	0.023808	vapor
366.44	0.075000	0.44906	2.2269	2498.5	2665.5	7.4643	1.5312	2.0429	468.98	72.490	12.004	0.023907	vapor
367.65	0.075000	0.44748	2.2347	2500.4	2668.0	7.4710	1.5281	2.0385	469.83	71.168	12.050	0.024007	vapor
368.86	0.075000	0.44592	2.2426	2502.3	2670.5	7.4777	1.5252	2.0344	470.68	69.898	12.096	0.024106	vapor
370.07	0.075000	0.44436	2.2504	2504.1	2672.9	7.4844	1.5226	2.0306	471.53	68.673	12.142	0.024206	vapor
371.28	0.075000	0.44283	2.2582	2506.0	2675.4	7.4910	1.5201	2.0271	472.36	67.491	12.188	0.024306	vapor
372.49	0.075000	0.44130	2.2660	2507.9	2677.8	7.4976	1.5178	2.0237	473.20	66.348	12.235	0.024406	vapor
373.71	0.075000	0.43979	2.2738	2509.7	2680.3	7.5042	1.5157	2.0205	474.02	65.240	12.281	0.024506	vapor
374.92	0.075000	0.43828	2.2816	2511.6	2682.7	7.5107	1.5137	2.0176	474.85	64.166	12.327	0.024607	vapor
376.13	0.075000	0.43679	2.2894	2513.5	2685.2	7.5172	1.5118	2.0147	475.67	63.122	12.374	0.024707	vapor
377.34	0.075000	0.43531	2.2972	2515.3	2687.6	7.5237	1.5100	2.0120	476.48	62.108	12.420	0.024808	vapor
378.55	0.075000	0.43385	2.3050	2517.2	2690.0	7.5301	1.5084	2.0095	477.29	61.122	12.467	0.024909	vapor
379.76	0.075000	0.43239	2.3127	2519.0	2692.5	7.5365	1.5068	2.0071	478.10	60.161	12.513	0.025010	vapor
380.97	0.075000	0.43094	2.3205	2520.9	2694.9	7.5429	1.5053	2.0048	478.91	59.225	12.560	0.025111	vapor
382.19	0.075000	0.42951	2.3282	2522.7	2697.3	7.5493	1.5039	2.0026	479.71	58.312	12.606	0.025213	vapor
383.40	0.075000	0.42808	2.3360	2524.6	2699.8	7.5556	1.5026	2.0005	480.51	57.421	12.653	0.025314	vapor
384.61	0.075000	0.42667	2.3437	2526.4	2702.2	7.5619	1.5013	1.9985	481.30	56.552	12.700	0.025416	vapor
385.82	0.075000	0.42527	2.3515	2528.2	2704.6	7.5682	1.5001	1.9966	482.09	55.703	12.746	0.025518	vapor
387.03	0.075000	0.42387	2.3592	2530.1	2707.0	7.5745	1.4990	1.9947	482.88	54.874	12.793	0.025620	vapor
388.24	0.075000	0.42249	2.3669	2531.9	2709.4	7.5807	1.4979	1.9930	483.67	54.064	12.840	0.025723	vapor
389.45	0.075000	0.42112	2.3746	2533.7	2711.8	7.5869	1.4969	1.9913	484.46	53.272	12.887	0.025825	vapor
390.67	0.075000	0.41975	2.3824	2535.6	2714.3	7.5931	1.4960	1.9897	485.24	52.497	12.934	0.025928	vapor
391.88	0.075000	0.41840	2.3901	2537.4	2716.7	7.5992	1.4951	1.9882	486.02	51.740	12.981	0.026031	vapor
393.09	0.075000	0.41705	2.3978	2539.2	2719.1	7.6054	1.4942	1.9867	486.79	50.999	13.028	0.026134	vapor
394.30	0.075000	0.41572	2.4055	2541.1	2721.5	7.6115	1.4934	1.9853	487.57	50.274	13.075	0.026237	vapor
395.51	0.075000	0.41439	2.4132	2542.9	2723.9	7.6176	1.4926	1.9840	488.34	49.564	13.122	0.026340	vapor
396.72	0.075000	0.41308	2.4209	2544.7	2726.3	7.6236	1.4919	1.9827	489.11	48.870	13.169	0.026444	vapor
397.93	0.075000	0.41177	2.4285	2546.5	2728.7	7.6297	1.4912	1.9815	489.88	48.190	13.216	0.026548	vapor
399.15	0.075000	0.41047	2.4362	2548.4	2731.1	7.6357	1.4906	1.9803	490.64	47.524	13.264	0.026652	vapor
400.36	0.075000	0.40918	2.4439	2550.2	2733.5	7.6417	1.4900	1.9792	491.41	46.872	13.311	0.026756	vapor
401.57	0.075000	0.40790	2.4516	2552.0	2735.9	7.6477	1.4894	1.9781	492.17	46.233	13.358	0.026860	vapor
402.78	0.075000	0.40663	2.4592	2553.8	2738.3	7.6536	1.4889	1.9771	492.93	45.607	13.406	0.026965	vapor
403.99	0.075000	0.40537	2.4669	2555.7	2740.7	7.6596	1.4884	1.9762	493.68	44.994	13.453	0.027070	vapor
405.20	0.075000	0.40411	2.4746	2557.5	2743.1	7.6655	1.4880	1.9752	494.44	44.393	13.500	0.027174	vapor
406.41	0.075000	0.40286	2.4822	2559.3	2745.5	7.6714	1.4875	1.9743	495.19	43.805	13.548	0.027280	vapor
407.63	0.075000	0.40163	2.4899	2561.1	2747.8	7.6773	1.4871	1.9735	495.94	43.228	13.595	0.027385	vapor
408.84	0.075000	0.40039	2.4975	2562.9	2750.2	7.6831	1.4868	1.9727	496.69	42.662	13.643	0.027490	vapor
410.05	0.075000	0.39917	2.5052	2564.7	2752.6	7.6889	1.4864	1.9719	497.43	42.107	13.690	0.027596	vapor
411.26	0.075000	0.39796	2.5128	2566.6	2755.0	7.6948	1.4861	1.9712	498.18	41.563	13.738	0.027702	vapor
412.47	0.075000	0.39675	2.5205	2568.4	2757.4	7.7006	1.4858	1.9705	498.92	41.030	13.786	0.027808	vapor
413.68	0.075000	0.39555	2.5281	2570.2	2759.8	7.7063	1.4856	1.9699	499.66	40.507	13.833	0.027914	vapor
414.89	0.075000	0.39436	2.5357	2572.0	2762.2	7.7121	1.4853	1.9693	500.40	39.994	13.881	0.028021	vapor
416.11	0.075000	0.39318	2.5434	2573.8	2764.6	7.7178	1.4851	1.9687	501.14	39.491	13.929	0.028127	vapor
417.32	0.075000	0.39200	2.5510	2575.6	2766.9	7.7236	1.4849	1.9681	501.87	38.997	13.977	0.028234	vapor
418.53	0.075000	0.39083	2.5586	2577.4	2769.3	7.7293	1.4848	1.9676	502.61	38.513	14.025	0.028341	vapor
419.74	0.075000	0.38967	2.5663	2579.2	2771.7	7.7349	1.4846	1.9671	503.34	38.037	14.073	0.028448	vapor
420.95	0.075000	0.38852	2.5739	2581.1	2774.1	7.7406	1.4845	1.9667	504.07	37.571	14.120	0.028556	vapor
422.16	0.075000	0.38737	2.5815	2582.9	2776.5	7.7463	1.4844	1.9663	504.80	37.113	14.168	0.028663	vapor
423.37	0.075000	0.38623	2.5891	2584.7	2778.9	7.7519	1.4844	1.9659	505.52	36.664	14.216	0.028771	vapor
424.59	0.075000	0.38510	2.5967	2586.5	2781.2	7.7575	1.4843	1.9655	506.25	36.222	14.264	0.028879	vapor
425.80	0.075000	0.38398	2.6043	2588.3	2783.6	7.7631	1.4843	1.9651	506.97	35.789	14.312	0.028987	vapor
427.01	0.075000	0.38286	2.6119	2590.1	2786.0	7.7687	1.4843	1.9648	507.69	35.364	14.360	0.029095	vapor
428.22	0.075000	0.38175	2.6195	2591.9	2788.4	7.7743	1.4843	1.9645	508.41	34.946	14.409	0.029204	vapor
429.43	0.075000	0.38064	2.6272	2593.7	2790.8	7.7798	1.4843	1.9643	509.13	34.536	14.457	0.029313	vapor
430.64	0.075000	0.37954	2.6348	2595.5	2793.1	7.7853	1.4843	1.9640	509.85	34.133	14.505	0.029421	vapor
431.85	0.075000	0.37845	2.6424	2597.3	2795.5	7.7909	1.4844	1.9638	510.56	33.738	14.553	0.029531	vapor
433.06	0.075000	0.37737	2.6499	2599.2	2797.9	7.7964	1.4844	1.9636	511.28	33.349	14.601	0.029640	vapor
434.28	0.075000	0.37629	2.6575	2601.0	2800.3	7.8018	1.4845	1.9634	511.99	32.967	14.650	0.029749	vapor
435.49	0.075000	0.37522	2.6651	2602.8	2802.7	7.8073	1.4846	1.9633	512.70	32.592	14.698	0.029859	vapor
436.70	0.075000	0.37415	2.6727	2604.6	2805.0	7.8128	1.4847	1.9631	513.41	32.223	14.746	0.029969	vapor
437.91	0.075000	0.37309	2.6803	2606.4	2807.4	7.8182	1.4849	1.9630	514.12	31.861	14.795	0.030079	vapor
439.12	0.075000	0.37204	2.6879	2608.2	2809.8	7.8236	1.4850	1.9629	514.82	31.505	14.843	0.030189	vapor
440.33	0.075000	0.37099	2.6955	2610.0	2812.2	7.8290	1.4852	1.9628	515.53	31.155	14.891	0.030300	vapor
441.54	0.075000	0.36995	2.7031	2611.8	2814.5	7.8344	1.4853	1.9628	516.23	30.811	14.940	0.030410	vapor
442.76	0.075000	0.36892	2.7107	2613.6	2816.9	7.8398	1.4855	1.9627	516.93	30.472	14.988	0.030521	vapor
443.97	0.075000	0.36789	2.7182	2615.4	2819.3	7.8452	1.4857	1.9627	517.63	30.140	15.037	0.030632	vapor
445.18	0.075000	0.36686	2.7258	2617.2	2821.7	7.8505	1.4859	1.9627	518.33	29.813	15.085	0.030743	vapor
446.39	0.075000	0.36585	2.7334	2619.1	2824.1	7.8559	1.4862	1.9627	519.03	29.491	15.134	0.030855	vapor
447.60	0.075000	0.36484	2.7410	2620.9	2826.4	7.8612	1.4864	1.9627	519.72	29.175	15.183	0.030966	vapor
448.81	0.075000	0.36383	2.7485	2622.7	2828.8	7.8665	1.4866	1.9628	520.42	28.864	15.231	0.031078	vapor
450.02	0.075000	0.36283	2.7561	2624.5	2831.2	7.8718	1.4869	1.9628	521.11	28.558	15.280	0.031190	vapor
451.24	0.075000	0.36184	2.7637	2626.3	2833.6	7.8770	1.4872	1.9629	521.80	28.257	15.328	0.031302	vapor
452.45	0.075000	0.36085	2.7712	2628.1	2835.9	7.8823	1.4875	1.9630	522.49	27.961	15.377	0.031414	vapor
453.66	0.075000	0.35987	2.7788	2629.9	2838.3	7.8876	1.4877	1.9631	523.18	27.669	15.426	0.031527	vapor
454.87	0.075000	0.35889	2.7864	2631.7	2840.7	7.8928	1.4880	1.9632	523.87	27.383	15.475	0.031640	vapor
456.08	0.075000	0.35792	2.7939	2633.5	2843.1	7.8980	1.4883	1.9633	524.56	27.100	15.523	0.031752	vapor
457.29	0.075000	0.35695	2.8015	2635.3	2845.5	7.9032	1.4887	1.9634	525.24	26.823	15.572	0.031865	vapor
458.50	0.075000	0.35599	2.8091	2637.2	2847.8	7.9084	1.4890	1.9636	525.93	26.549	15.621	0.031979	vapor
459.72	0.075000	0.35504	2.8166	2639.0	2850.2	7.9136	1.4893	1.9638	526.61	26.280	15.670	0.032092	vapor
460.93	0.075000	0.35409	2.8242	2640.8	2852.6	7.9188	1.4897	1.9639	527.29	26.016	15.719	0.032206	vapor
462.14	0.075000	0.35314	2.8317	2642.6	2855.0	7.9239	1.4900	1.9641	527.97	25.755	15.768	0.032320	vapor
463.35	0.075000	0.35220	2.8393	2644.4	2857.4	7.9291	1.4904	1.9643	528.65	25.498	15.816	0.032434	vapor
464.56	0.075000	0.35127	2.8468	2646.2	2859.7	7.9342	1.4908	1.9645	529.33	25.245	15.865	0.032548	vapor
465.77	0.075000	0.35034	2.8544	2648.0	2862.1	7.9393	1.4911	1.9648	530.00	24.996	15.914	0.032662	vapor
466.98	0.075000	0.34941	2.8619	2649.8	2864.5	7.9444	1.4915	1.9650	530.68	24.751	15.963	0.032777	vapor
468.20	0.075000	0.34849	2.8695	2651.7	2866.9	7.9495	1.4919	1.9652	531.35	24.510	16.012	0.032892	vapor
469.41	0.075000	0.34758	2.8770	2653.5	2869.3	7.9546	1.4923	1.9655	532.02	24.272	16.061	0.033006	vapor
470.62	0.075000	0.34667	2.8846	2655.3	2871.6	7.9596	1.4927	1.9657	532.70	24.038	16.110	0.033122	vapor
471.83	0.075000	0.34577	2.8921	2657.1	2874.0	7.9647	1.4932	1.9660	533.37	23.807	16.159	0.033237	vapor
473.04	0.075000	0.34487	2.8997	2658.9	2876.4	7.9697	1.4936	1.9663	534.04	23.580	16.209	0.033352	vapor
474.25	0.075000	0.34397	2.9072	2660.7	2878.8	7.9748	1.4940	1.9666	534.70	23.356	16.258	0.033468	vapor
475.46	0.075000	0.34308	2.9148	2662.6	2881.2	7.9798	1.4945	1.9669	535.37	23.135	16.307	0.033584	vapor
476.68	0.075000	0.34220	2.9223	2664.4	2883.5	7.9848	1.4949	1.9672	536.04	22.917	16.356	0.033700	vapor
477.89	0.075000	0.34132	2.9298	2666.2	2885.9	7.9898	1.4953	1.9675	536.70	22.703	16.405	0.033816	vapor
479.10	0.075000	0.34044	2.9374	2668.0	2888.3	7.9948	1.4958	1.9678	537.36	22.492	16.454	0.033932	vapor
480.31	0.075000	0.33957	2.9449	2669.8	2890.7	7.9997	1.4963	1.9682	538.03	22.283	16.503	0.034049	vapor
481.52	0.075000	0.33870	2.9525	2671.6	2893.1	8.0047	1.4967	1.9685	538.69	22.078	16.553	0.034166	vapor
482.73	0.075000	0.33784	2.9600	2673.5	2895.5	8.0096	1.4972	1.9689	539.35	21.876	16.602	0.034283	vapor
483.94	0.075000	0.33698	2.9675	2675.3	2897.9	8.0146	1.4977	1.9692	540.01	21.676	16.651	0.034400	vapor
485.16	0.075000	0.33613	2.9751	2677.1	2900.2	8.0195	1.4982	1.9696	540.66	21.479	16.701	0.034517	vapor
486.37	0.075000	0.33528	2.9826	2678.9	2902.6	8.0244	1.4987	1.9700	541.32	21.285	16.750	0.034634	vapor
487.58	0.075000	0.33443	2.9901	2680.8	2905.0	8.0293	1.4992	1.9704	541.98	21.094	16.799	0.034752	vapor
488.79	0.075000	0.33359	2.9977	2682.6	2907.4	8.0342	1.4997	1.9708	542.63	20.906	16.848	0.034870	vapor
490.00	0.075000	0.33276	3.0052	2684.4	2909.8	8.0391	1.5002	1.9711	543.28	20.720	16.898	0.034988	vapor
491.21	0.075000	0.33193	3.0127	2686.2	2912.2	8.0440	1.5007	1.9716	543.94	20.536	16.947	0.035106	vapor
492.42	0.075000	0.33110	3.0203	2688.0	2914.6	8.0488	1.5012	1.9720	544.59	20.355	16.997	0.035224	vapor
493.63	0.075000	0.33027	3.0278	2689.9	2917.0	8.0537	1.5017	1.9724	545.24	20.177	17.046	0.035343	vapor
494.85	0.075000	0.32946	3.0353	2691.7	2919.3	8.0585	1.5022	1.9728	545.89	20.000	17.095	0.035462	vapor
496.06	0.075000	0.32864	3.0428	2693.5	2921.7	8.0633	1.5028	1.9732	546.53	19.827	17.145	0.035581	vapor
497.27	0.075000	0.32783	3.0504	2695.3	2924.1	8.0681	1.5033	1.9737	547.18	19.655	17.194	0.035700	vapor
498.48	0.075000	0.32702	3.0579	2697.2	2926.5	8.0729	1.5038	1.9741	547.83	19.486	17.244	0.035819	vapor
499.69	0.075000	0.32622	3.0654	2699.0	2928.9	8.0777	1.5044	1.9745	548.47	19.319	17.293	0.035938	vapor
500.90	0.075000	0.32542	3.0729	2700.8	2931.3	8.0825	1.5049	1.9750	549.12	19.154	17.343	0.036058	vapor
502.11	0.075000	0.32463	3.0805	2702.7	2933.7	8.0873	1.5055	1.9755	549.76	18.992	17.392	0.036178	vapor
503.33	0.075000	0.32384	3.0880	2704.5	2936.1	8.0920	1.5060	1.9759	550.40	18.831	17.442	0.036297	vapor
504.54	0.075000	0.32305	3.0955	2706.3	2938.5	8.0968	1.5066	1.9764	551.04	18.673	17.491	0.036418	vapor
505.75	0.075000	0.32227	3.1030	2708.1	2940.9	8.1015	1.5072	1.9769	551.68	18.517	17.541	0.036538	vapor
506.96	0.075000	0.32149	3.1105	2710.0	2943.3	8.1063	1.5077	1.9773	552.32	18.362	17.591	0.036658	vapor
508.17	0.075000	0.32071	3.1181	2711.8	2945.7	8.1110	1.5083	1.9778	552.96	18.210	17.640	0.036779	vapor
509.38	0.075000	0.31994	3.1256	2713.6	2948.1	8.1157	1.5089	1.9783	553.59	18.059	17.690	0.036900	vapor
510.59	0.075000	0.31917	3.1331	2715.5	2950.5	8.1204	1.5095	1.9788	554.23	17.911	17.739	0.037021	vapor
511.81	0.075000	0.31841	3.1406	2717.3	2952.9	8.1251	1.5100	1.9793	554.87	17.764	17.789	0.037142	vapor
513.02	0.075000	0.31765	3.1481	2719.1	2955.2	8.1298	1.5106	1.9798	555.50	17.620	17.839	0.037263	vapor
514.23	0.075000	0.31689	3.1556	2721.0	2957.6	8.1344	1.5112	1.9803	556.13	17.477	17.888	0.037384	vapor
515.44	0.075000	0.31614	3.1632	2722.8	2960.0	8.1391	1.5118	1.9808	556.76	17.335	17.938	0.037506	vapor
516.65	0.075000	0.31539	3.1707	2724.6	2962.4	8.1437	1.5124	1.9813	557.40	17.196	17.988	0.037628	vapor
517.86	0.075000	0.31464	3.1782	2726.5	2964.8	8.1484	1.5130	1.9819	558.03	17.058	18.037	0.037750	vapor
519.07	0.075000	0.31390	3.1857	2728.3	2967.2	8.1530	1.5136	1.9824	558.66	16.922	18.087	0.037872	vapor
520.29	0.075000	0.31316	3.1932	2730.2	2969.7	8.1576	1.5142	1.9829	559.28	16.788	18.137	0.037994	vapor
521.50	0.075000	0.31243	3.2007	2732.0	2972.1	8.1622	1.5148	1.9835	559.91	16.655	18.187	0.038117	vapor
522.71	0.075000	0.31170	3.2082	2733.8	2974.5	8.1668	1.5154	1.9840	560.54	16.524	18.236	0.038239	vapor
523.92	0.075000	0.31097	3.2157	2735.7	2976.9	8.1714	1.5160	1.9845	561.16	16.394	18.286	0.038362	vapor
525.13	0.075000	0.31025	3.2233	2737.5	2979.3	8.1760	1.5167	1.9851	561.79	16.266	18.336	0.038485	vapor
526.34	0.075000	0.30952	3.2308	2739.4	2981.7	8.1806	1.5173	1.9856	562.41	16.140	18.386	0.038608	vapor
527.55	0.075000	0.30881	3.2383	2741.2	2984.1	8.1852	1.5179	1.9862	563.03	16.015	18.435	0.038731	vapor
528.77	0.075000	0.30809	3.2458	2743.0	2986.5	8.1897	1.5185	1.9867	563.66	15.891	18.485	0.038855	vapor
529.98	0.075000	0.30738	3.2533	2744.9	2988.9	8.1943	1.5191	1.9873	564.28	15.769	18.535	0.038978	vapor
531.19	0.075000	0.30667	3.2608	2746.7	2991.3	8.1988	1.5198	1.9879	564.90	15.648	18.585	0.039102	vapor
532.40	0.075000	0.30597	3.2683	2748.6	2993.7	8.2033	1.5204	1.9884	565.52	15.529	18.635	0.039226	vapor
533.61	0.075000	0.30527	3.2758	2750.4	2996.1	8.2078	1.5210	1.9890	566.13	15.411	18.685	0.039350	vapor
534.82	0.075000	0.30457	3.2833	2752.3	2998.5	8.2124	1.5217	1.9896	566.75	15.295	18.734	0.039475	vapor
536.03	0.075000	0.30387	3.2908	2754.1	3000.9	8.2169	1.5223	1.9901	567.37	15.179	18.784	0.039599	vapor
537.25	0.075000	0.30318	3.2983	2756.0	3003.3	8.2214	1.5230	1.9907	567.98	15.066	18.834	0.039724	vapor
538.46	0.075000	0.30250	3.3058	2757.8	3005.8	8.2258	1.5236	1.9913	568.60	14.953	18.884	0.039848	vapor
539.67	0.075000	0.30181	3.3133	2759.7	3008.2	8.2303	1.5242	1.9919	569.21	14.842	18.934	0.039973	vapor
540.88	0.075000	0.30113	3.3208	2761.5	3010.6	8.2348	1.5249	1.9925	569.83	14.732	18.984	0.040098	vapor
542.09	0.075000	0.30045	3.3283	2763.4	3013.0	8.2392	1.5255	1.9931	570.44	14.623	19.034	0.040223	vapor
543.30	0.075000	0.29977	3.3359	2765.2	3015.4	8.2437	1.5262	1.9937	571.05	14.515	19.084	0.040349	vapor
544.51	0.075000	0.29910	3.3434	2767.1	3017.8	8.2481	1.5269	1.9943	571.66	14.409	19.134	0.040474	vapor
545.73	0.075000	0.29843	3.3509	2768.9	3020.2	8.2526	1.5275	1.9949	572.27	14.304	19.183	0.040600	vapor
546.94	0.075000	0.29776	3.3584	2770.8	3022.7	8.2570	1.5282	1.9955	572.88	14.200	19.233	0.040726	vapor
548.15	0.075000	0.29710	3.3659	2772.6	3025.1	8.2614	1.5288	1.9961	573.49	14.097	19.283	0.040852	vapor
549.36	0.075000	0.29644	3.3734	2774.5	3027.5	8.2658	1.5295	1.9967	574.09	13.995	19.333	0.040978	vapor
550.57	0.075000	0.29578	3.3809	2776.4	3029.9	8.2702	1.5302	1.9973	574.70	13.895	19.383	0.041104	vapor
551.78	0.075000	0.29513	3.3884	2778.2	3032.3	8.2746	1.5308	1.9979	575.30	13.795	19.433	0.041231	vapor
552.99	0.075000	0.29448	3.3959	2780.1	3034.8	8.2790	1.5315	1.9985	575.91	13.697	19.483	0.041357	vapor
554.20	0.075000	0.29383	3.4034	2781.9	3037.2	8.2834	1.5322	1.9992	576.51	13.599	19.533	0.041484	vapor
555.42	0.075000	0.29318	3.4109	2783.8	3039.6	8.2877	1.5328	1.9998	577.12	13.503	19.583	0.041611	vapor
556.63	0.075000	0.29254	3.4184	2785.6	3042.0	8.2921	1.5335	2.0004	577.72	13.408	19.633	0.041738	vapor
557.84	0.075000	0.29190	3.4258	2787.5	3044.4	8.2964	1.5342	2.0010	578.32	13.313	19.683	0.041866	vapor
559.05	0.075000	0.29126	3.4333	2789.4	3046.9	8.3008	1.5349	2.0017	578.92	13.220	19.733	0.041993	vapor
560.26	0.075000	0.29063	3.4408	2791.2	3049.3	8.3051	1.5355	2.0023	579.52	13.128	19.783	0.042121	vapor
561.47	0.075000	0.28999	3.4483	2793.1	3051.7	8.3094	1.5362	2.0029	580.12	13.036	19.833	0.042248	vapor
562.68	0.075000	0.28937	3.4558	2795.0	3054.1	8.3137	1.5369	2.0036	580.72	12.946	19.883	0.042376	vapor
563.90	0.075000	0.28874	3.4633	2796.8	3056.6	8.3181	1.5376	2.0042	581.31	12.856	19.933	0.042504	vapor
565.11	0.075000	0.28812	3.4708	2798.7	3059.0	8.3224	1.5383	2.0048	581.91	12.768	19.983	0.042632	vapor
566.32	0.075000	0.28749	3.4783	2800.6	3061.4	8.3267	1.5390	2.0055	582.51	12.680	20.034	0.042761	vapor
567.53	0.075000	0.28688	3.4858	2802.4	3063.9	8.3309	1.5397	2.0061	583.10	12.594	20.084	0.042889	vapor
568.74	0.075000	0.28626	3.4933	2804.3	3066.3	8.3352	1.5403	2.0068	583.70	12.508	20.134	0.043018	vapor
569.95	0.075000	0.28565	3.5008	2806.2	3068.7	8.3395	1.5410	2.0074	584.29	12.423	20.184	0.043146	vapor
571.16	0.075000	0.28504	3.5083	2808.0	3071.2	8.3437	1.5417	2.0081	584.88	12.339	20.234	0.043275	vapor
572.38	0.075000	0.28443	3.5158	2809.9	3073.6	8.3480	1.5424	2.0087	585.47	12.256	20.284	0.043404	vapor
573.59	0.075000	0.28383	3.5233	2811.8	3076.0	8.3523	1.5431	2.0094	586.07	12.173	20.334	0.043534	vapor
574.80	0.075000	0.28322	3.5308	2813.7	3078.5	8.3565	1.5438	2.0101	586.66	12.092	20.384	0.043663	vapor
576.01	0.075000	0.28262	3.5383	2815.5	3080.9	8.3607	1.5445	2.0107	587.25	12.011	20.434	0.043792	vapor
577.22	0.075000	0.28203	3.5458	2817.4	3083.3	8.3649	1.5452	2.0114	587.83	11.931	20.484	0.043922	vapor
578.43	0.075000	0.28143	3.5533	2819.3	3085.8	8.3692	1.5459	2.0120	588.42	11.852	20.534	0.044052	vapor
579.64	0.075000	0.28084	3.5607	2821.2	3088.2	8.3734	1.5466	2.0127	589.01	11.774	20.584	0.044182	vapor
580.86	0.075000	0.28025	3.5682	2823.0	3090.6	8.3776	1.5473	2.0134	589.60	11.696	20.635	0.044312	vapor
582.07	0.075000	0.27966	3.5757	2824.9	3093.1	8.3818	1.5480	2.0140	590.18	11.619	20.685	0.044442	vapor
583.28	0.075000	0.27908	3.5832	2826.8	3095.5	8.3860	1.5488	2.0147	590.77	11.543	20.735	0.044573	vapor
584.49	0.075000	0.27850	3.5907	2828.7	3098.0	8.3901	1.5495	2.0154	591.35	11.468	20.785	0.044703	vapor
585.70	0.075000	0.27792	3.5982	2830.5	3100.4	8.3943	1.5502	2.0161	591.94	11.393	20.835	0.044834	vapor
586.91	0.075000	0.27734	3.6057	2832.4	3102.8	8.3985	1.5509	2.0167	592.52	11.319	20.885	0.044965	vapor
588.12	0.075000	0.27676	3.6132	2834.3	3105.3	8.4026	1.5516	2.0174	593.10	11.246	20.935	0.045096	vapor
589.34	0.075000	0.27619	3.6207	2836.2	3107.7	8.4068	1.5523	2.0181	593.68	11.174	20.985	0.045227	vapor
590.55	0.075000	0.27562	3.6282	2838.1	3110.2	8.4109	1.5530	2.0188	594.26	11.102	21.035	0.045358	vapor
591.76	0.075000	0.27505	3.6356	2840.0	3112.6	8.4151	1.5538	2.0195	594.84	11.031	21.086	0.045489	vapor
592.97	0.075000	0.27449	3.6431	2841.8	3115.1	8.4192	1.5545	2.0201	595.42	10.961	21.136	0.045621	vapor
594.18	0.075000	0.27393	3.6506	2843.7	3117.5	8.4233	1.5552	2.0208	596.00	10.891	21.186	0.045752	vapor
595.39	0.075000	0.27337	3.6581	2845.6	3120.0	8.4274	1.5559	2.0215	596.58	10.822	21.236	0.045884	vapor
596.60	0.075000	0.27281	3.6656	2847.5	3122.4	8.4316	1.5566	2.0222	597.15	10.754	21.286	0.046016	vapor
597.82	0.075000	0.27225	3.6731	2849.4	3124.9	8.4357	1.5574	2.0229	597.73	10.686	21.336	0.046148	vapor
599.03	0.075000	0.27170	3.6806	2851.3	3127.3	8.4398	1.5581	2.0236	598.31	10.619	21.386	0.046281	vapor
600.24	0.075000	0.27115	3.6881	2853.2	3129.8	8.4438	1.5588	2.0243	598.88	10.552	21.437	0.046413	vapor
601.45	0.075000	0.27060	3.6955	2855.1	3132.2	8.4479	1.5595	2.0250	599.46	10.486	21.487	0.046545	vapor
602.66	0.075000	0.27005	3.7030	2857.0	3134.7	8.4520	1.5603	2.0257	600.03	10.421	21.537	0.046678	vapor
603.87	0.075000	0.26950	3.7105	2858.8	3137.1	8.4561	1.5610	2.0264	600.60	10.356	21.587	0.046811	vapor
605.08	0.075000	0.26896	3.7180	2860.7	3139.6	8.4601	1.5617	2.0271	601.17	10.292	21.637	0.046944	vapor
606.30	0.075000	0.26842	3.7255	2862.6	3142.0	8.4642	1.5624	2.0278	601.75	10.229	21.687	0.047077	vapor
607.51	0.075000	0.26788	3.7330	2864.5	3144.5	8.4682	1.5632	2.0285	602.32	10.166	21.738	0.047210	vapor
608.72	0.075000	0.26735	3.7404	2866.4	3147.0	8.4723	1.5639	2.0292	602.89	10.104	21.788	0.047343	vapor
609.93	0.075000	0.26681	3.7479	2868.3	3149.4	8.4763	1.5646	2.0299	603.46	10.042	21.838	0.047477	vapor
611.14	0.075000	0.26628	3.7554	2870.2	3151.9	8.4803	1.5654	2.0306	604.02	9.9807	21.888	0.047610	vapor
612.35	0.075000	0.26575	3.7629	2872.1	3154.3	8.4844	1.5661	2.0313	604.59	9.9200	21.938	0.047744	vapor
613.56	0.075000	0.26522	3.7704	2874.0	3156.8	8.4884	1.5669	2.0320	605.16	9.8599	21.988	0.047878	vapor
614.77	0.075000	0.26470	3.7779	2875.9	3159.3	8.4924	1.5676	2.0327	605.73	9.8003	22.039	0.048012	vapor
615.99	0.075000	0.26418	3.7854	2877.8	3161.7	8.4964	1.5683	2.0334	606.29	9.7413	22.089	0.048146	vapor
617.20	0.075000	0.26365	3.7928	2879.7	3164.2	8.5004	1.5691	2.0341	606.86	9.6828	22.139	0.048280	vapor
618.41	0.075000	0.26314	3.8003	2881.6	3166.7	8.5044	1.5698	2.0349	607.42	9.6248	22.189	0.048415	vapor
619.62	0.075000	0.26262	3.8078	2883.5	3169.1	8.5084	1.5706	2.0356	607.99	9.5673	22.239	0.048549	vapor
620.83	0.075000	0.26210	3.8153	2885.4	3171.6	8.5123	1.5713	2.0363	608.55	9.5103	22.289	0.048684	vapor
622.04	0.075000	0.26159	3.8228	2887.3	3174.1	8.5163	1.5720	2.0370	609.11	9.4538	22.340	0.048819	vapor
623.25	0.075000	0.26108	3.8302	2889.3	3176.5	8.5203	1.5728	2.0377	609.67	9.3978	22.390	0.048954	vapor
624.47	0.075000	0.26057	3.8377	2891.2	3179.0	8.5242	1.5735	2.0384	610.24	9.3423	22.440	0.049089	vapor
625.68	0.075000	0.26006	3.8452	2893.1	3181.5	8.5282	1.5743	2.0392	610.80	9.2873	22.490	0.049224	vapor
626.89	0.075000	0.25956	3.8527	2895.0	3183.9	8.5321	1.5750	2.0399	611.36	9.2327	22.540	0.049360	vapor
628.10	0.075000	0.25906	3.8602	2896.9	3186.4	8.5361	1.5758	2.0406	611.92	9.1786	22.590	0.049495	vapor
629.31	0.075000	0.25855	3.8677	2898.8	3188.9	8.5400	1.5765	2.0413	612.47	9.1250	22.640	0.049631	vapor
630.52	0.075000	0.25806	3.8751	2900.7	3191.3	8.5439	1.5773	2.0421	613.03	9.0719	22.691	0.049766	vapor
631.73	0.075000	0.25756	3.8826	2902.6	3193.8	8.5478	1.5780	2.0428	613.59	9.0192	22.741	0.049902	vapor
632.95	0.075000	0.25706	3.8901	2904.5	3196.3	8.5518	1.5788	2.0435	614.15	8.9669	22.791	0.050038	vapor
634.16	0.075000	0.25657	3.8976	2906.5	3198.8	8.5557	1.5795	2.0442	614.70	8.9151	22.841	0.050174	vapor
635.37	0.075000	0.25608	3.9051	2908.4	3201.2	8.5596	1.5803	2.0450	615.26	8.8637	22.891	0.050311	vapor
636.58	0.075000	0.25559	3.9125	2910.3	3203.7	8.5635	1.5810	2.0457	615.81	8.8128	22.941	0.050447	vapor
637.79	0.075000	0.25510	3.9200	2912.2	3206.2	8.5673	1.5818	2.0464	616.37	8.7623	22.992	0.050583	vapor
639.00	0.075000	0.25462	3.9275	2914.1	3208.7	8.5712	1.5826	2.0472	616.92	8.7122	23.042	0.050720	vapor
640.21	0.075000	0.25413	3.9350	2916.0	3211.2	8.5751	1.5833	2.0479	617.47	8.6625	23.092	0.050857	vapor
641.43	0.075000	0.25365	3.9425	2918.0	3213.6	8.5790	1.5841	2.0486	618.03	8.6133	23.142	0.050994	vapor
642.64	0.075000	0.25317	3.9499	2919.9	3216.1	8.5828	1.5848	2.0494	618.58	8.5644	23.192	0.051131	vapor
643.85	0.075000	0.25269	3.9574	2921.8	3218.6	8.5867	1.5856	2.0501	619.13	8.5160	23.242	0.051268	vapor
645.06	0.075000	0.25221	3.9649	2923.7	3221.1	8.5906	1.5864	2.0509	619.68	8.4679	23.292	0.051405	vapor
646.27	0.075000	0.25174	3.9724	2925.7	3223.6	8.5944	1.5871	2.0516	620.23	8.4203	23.342	0.051543	vapor
647.48	0.075000	0.25127	3.9798	2927.6	3226.1	8.5983	1.5879	2.0523	620.78	8.3730	23.393	0.051680	vapor
648.69	0.075000	0.25079	3.9873	2929.5	3228.6	8.6021	1.5886	2.0531	621.33	8.3262	23.443	0.051818	vapor
649.91	0.075000	0.25033	3.9948	2931.4	3231.0	8.6059	1.5894	2.0538	621.87	8.2797	23.493	0.051956	vapor
651.12	0.075000	0.24986	4.0023	2933.4	3233.5	8.6097	1.5902	2.0546	622.42	8.2336	23.543	0.052093	vapor
652.33	0.075000	0.24939	4.0098	2935.3	3236.0	8.6136	1.5909	2.0553	622.97	8.1878	23.593	0.052231	vapor
653.54	0.075000	0.24893	4.0172	2937.2	3238.5	8.6174	1.5917	2.0561	623.51	8.1424	23.643	0.052370	vapor
654.75	0.075000	0.24846	4.0247	2939.1	3241.0	8.6212	1.5925	2.0568	624.06	8.0974	23.693	0.052508	vapor
655.96	0.075000	0.24800	4.0322	2941.1	3243.5	8.6250	1.5932	2.0576	624.60	8.0528	23.743	0.052646	vapor
657.17	0.075000	0.24755	4.0397	2943.0	3246.0	8.6288	1.5940	2.0583	625.15	8.0085	23.794	0.052785	vapor
658.39	0.075000	0.24709	4.0471	2944.9	3248.5	8.6326	1.5948	2.0591	625.69	7.9646	23.844	0.052923	vapor
659.60	0.075000	0.24663	4.0546	2946.9	3251.0	8.6364	1.5955	2.0598	626.23	7.9210	23.894	0.053062	vapor
660.81	0.075000	0.24618	4.0621	2948.8	3253.5	8.6401	1.5963	2.0606	626.78	7.8777	23.944	0.053201	vapor
662.02	0.075000	0.24573	4.0696	2950.7	3256.0	8.6439	1.5971	2.0613	627.32	7.8348	23.994	0.053340	vapor
663.23	0.075000	0.24528	4.0771	2952.7	3258.5	8.6477	1.5979	2.0621	627.86	7.7923	24.044	0.053479	vapor
664.44	0.075000	0.24483	4.0845	2954.6	3261.0	8.6515	1.5986	2.0628	628.40	7.7501	24.094	0.053618	vapor
665.65	0.075000	0.24438	4.0920	2956.6	3263.5	8.6552	1.5994	2.0636	628.94	7.7082	24.144	0.053758	vapor
666.87	0.075000	0.24393	4.0995	2958.5	3266.0	8.6590	1.6002	2.0643	629.48	7.6666	24.194	0.053897	vapor
668.08	0.075000	0.24349	4.1070	2960.4	3268.5	8.6627	1.6010	2.0651	630.02	7.6254	24.244	0.054037	vapor
669.29	0.075000	0.24305	4.1144	2962.4	3271.0	8.6665	1.6017	2.0658	630.56	7.5844	24.294	0.054177	vapor
670.50	0.075000	0.24261	4.1219	2964.3	3273.5	8.6702	1.6025	2.0666	631.10	7.5438	24.344	0.054316	vapor
671.71	0.075000	0.24217	4.1294	2966.3	3276.0	8.6739	1.6033	2.0674	631.63	7.5035	24.394	0.054456	vapor
672.92	0.075000	0.24173	4.1369	2968.2	3278.5	8.6776	1.6041	2.0681	632.17	7.4636	24.445	0.054596	vapor
674.13	0.075000	0.24129	4.1443	2970.2	3281.0	8.6814	1.6048	2.0689	632.70	7.4239	24.495	0.054737	vapor
675.34	0.075000	0.24086	4.1518	2972.1	3283.5	8.6851	1.6056	2.0696	633.24	7.3845	24.545	0.054877	vapor
676.56	0.075000	0.24043	4.1593	2974.0	3286.0	8.6888	1.6064	2.0704	633.77	7.3455	24.595	0.055017	vapor
677.77	0.075000	0.23999	4.1668	2976.0	3288.5	8.6925	1.6072	2.0712	634.31	7.3067	24.645	0.055158	vapor
678.98	0.075000	0.23957	4.1742	2977.9	3291.0	8.6962	1.6080	2.0719	634.84	7.2682	24.695	0.055299	vapor
680.19	0.075000	0.23914	4.1817	2979.9	3293.5	8.6999	1.6087	2.0727	635.38	7.2300	24.745	0.055439	vapor
681.40	0.075000	0.23871	4.1892	2981.8	3296.0	8.7036	1.6095	2.0735	635.91	7.1921	24.795	0.055580	vapor
682.61	0.075000	0.23829	4.1967	2983.8	3298.5	8.7073	1.6103	2.0742	636.44	7.1545	24.845	0.055721	vapor
683.82	0.075000	0.23786	4.2041	2985.8	3301.1	8.7109	1.6111	2.0750	636.97	7.1172	24.895	0.055862	vapor
685.04	0.075000	0.23744	4.2116	2987.7	3303.6	8.7146	1.6119	2.0758	637.50	7.0801	24.945	0.056004	vapor
686.25	0.075000	0.23702	4.2191	2989.7	3306.1	8.7183	1.6127	2.0765	638.03	7.0434	24.995	0.056145	vapor
687.46	0.075000	0.23660	4.2265	2991.6	3308.6	8.7219	1.6134	2.0773	638.56	7.0069	25.045	0.056286	vapor
688.67	0.075000	0.23618	4.2340	2993.6	3311.1	8.7256	1.6142	2.0781	639.09	6.9706	25.095	0.056428	vapor
689.88	0.075000	0.23577	4.2415	2995.5	3313.6	8.7293	1.6150	2.0789	639.62	6.9347	25.145	0.056570	vapor
691.09	0.075000	0.23535	4.2490	2997.5	3316.2	8.7329	1.6158	2.0796	640.15	6.8990	25.195	0.056712	vapor
692.30	0.075000	0.23494	4.2564	2999.4	3318.7	8.7365	1.6166	2.0804	640.68	6.8636	25.245	0.056854	vapor
693.52	0.075000	0.23453	4.2639	3001.4	3321.2	8.7402	1.6174	2.0812	641.20	6.8284	25.295	0.056996	vapor
694.73	0.075000	0.23412	4.2714	3003.4	3323.7	8.7438	1.6182	2.0820	641.73	6.7935	25.345	0.057138	vapor
695.94	0.075000	0.23371	4.2789	3005.3	3326.2	8.7474	1.6190	2.0827	642.25	6.7588	25.395	0.057280	vapor
697.15	0.075000	0.23330	4.2863	3007.3	3328.8	8.7511	1.6198	2.0835	642.78	6.7244	25.444	0.057422	vapor
698.36	0.075000	0.23289	4.2938	3009.3	3331.3	8.7547	1.6205	2.0843	643.30	6.6903	25.494	0.057565	vapor
699.57	0.075000	0.23249	4.3013	3011.2	3333.8	8.7583	1.6213	2.0851	643.83	6.6564	25.544	0.057707	vapor
700.78	0.075000	0.23209	4.3087	3013.2	3336.3	8.7619	1.6221	2.0858	644.35	6.6227	25.594	0.057850	vapor
702.00	0.075000	0.23168	4.3162	3015.2	3338.9	8.7655	1.6229	2.0866	644.88	6.5893	25.644	0.057993	vapor
703.21	0.075000	0.23128	4.3237	3017.1	3341.4	8.7691	1.6237	2.0874	645.40	6.5561	25.694	0.058136	vapor
704.42	0.075000	0.23088	4.3312	3019.1	3343.9	8.7727	1.6245	2.0882	645.92	6.5232	25.744	0.058279	vapor
705.63	0.075000	0.23049	4.3386	3021.1	3346.5	8.7763	1.6253	2.0890	646.44	6.4905	25.794	0.058422	vapor
706.84	0.075000	0.23009	4.3461	3023.0	3349.0	8.7799	1.6261	2.0897	646.96	6.4580	25.844	0.058565	vapor
708.05	0.075000	0.22970	4.3536	3025.0	3351.5	8.7835	1.6269	2.0905	647.48	6.4258	25.894	0.058709	vapor
709.26	0.075000	0.22930	4.3610	3027.0	3354.1	8.7870	1.6277	2.0913	648.00	6.3938	25.944	0.058852	vapor
710.48	0.075000	0.22891	4.3685	3028.9	3356.6	8.7906	1.6285	2.0921	648.52	6.3620	25.993	0.058996	vapor
711.69	0.075000	0.22852	4.3760	3030.9	3359.1	8.7942	1.6293	2.0929	649.04	6.3305	26.043	0.059140	vapor
712.90	0.075000	0.22813	4.3835	3032.9	3361.7	8.7977	1.6301	2.0937	649.56	6.2991	26.093	0.059283	vapor
714.11	0.075000	0.22774	4.3909	3034.9	3364.2	8.8013	1.6309	2.0945	650.08	6.2680	26.143	0.059427	vapor
715.32	0.075000	0.22736	4.3984	3036.9	3366.7	8.8048	1.6317	2.0952	650.59	6.2371	26.193	0.059571	vapor
716.53	0.075000	0.22697	4.4059	3038.8	3369.3	8.8084	1.6325	2.0960	651.11	6.2064	26.243	0.059715	vapor
717.74	0.075000	0.22659	4.4133	3040.8	3371.8	8.8119	1.6333	2.0968	651.63	6.1760	26.293	0.059860	vapor
718.96	0.075000	0.22620	4.4208	3042.8	3374.4	8.8155	1.6341	2.0976	652.14	6.1457	26.342	0.060004	vapor
720.17	0.075000	0.22582	4.4283	3044.8	3376.9	8.8190	1.6349	2.0984	652.66	6.1157	26.392	0.060148	vapor
721.38	0.075000	0.22544	4.4358	3046.8	3379.4	8.8225	1.6357	2.0992	653.17	6.0859	26.442	0.060293	vapor
722.59	0.075000	0.22506	4.4432	3048.7	3382.0	8.8260	1.6365	2.1000	653.69	6.0562	26.492	0.060438	vapor
723.80	0.075000	0.22468	4.4507	3050.7	3384.5	8.8296	1.6373	2.1008	654.20	6.0268	26.542	0.060582	vapor
725.01	0.075000	0.22431	4.4582	3052.7	3387.1	8.8331	1.6381	2.1016	654.71	5.9976	26.591	0.060727	vapor
726.22	0.075000	0.22393	4.4656	3054.7	3389.6	8.8366	1.6389	2.1024	655.23	5.9686	26.641	0.060872	vapor
727.44	0.075000	0.22356	4.4731	3056.7	3392.2	8.8401	1.6397	2.1031	655.74	5.9398	26.691	0.061017	vapor
728.65	0.075000	0.22319	4.4806	3058.7	3394.7	8.8436	1.6405	2.1039	656.25	5.9111	26.741	0.061163	vapor
729.86	0.075000	0.22281	4.4880	3060.7	3397.3	8.8471	1.6413	2.1047	656.76	5.8827	26.790	0.061308	vapor
731.07	0.075000	0.22244	4.4955	3062.6	3399.8	8.8506	1.6421	2.1055	657.27	5.8545	26.840	0.061453	vapor
732.28	0.075000	0.22207	4.5030	3064.6	3402.4	8.8541	1.6429	2.1063	657.78	5.8264	26.890	0.061599	vapor
733.49	0.075000	0.22171	4.5105	3066.6	3404.9	8.8575	1.6437	2.1071	658.29	5.7986	26.940	0.061744	vapor
734.70	0.075000	0.22134	4.5179	3068.6	3407.5	8.8610	1.6446	2.1079	658.80	5.7709	26.989	0.061890	vapor
735.91	0.075000	0.22098	4.5254	3070.6	3410.0	8.8645	1.6454	2.1087	659.31	5.7434	27.039	0.062036	vapor
737.13	0.075000	0.22061	4.5329	3072.6	3412.6	8.8680	1.6462	2.1095	659.82	5.7161	27.089	0.062182	vapor
738.34	0.075000	0.22025	4.5403	3074.6	3415.1	8.8714	1.6470	2.1103	660.32	5.6890	27.139	0.062328	vapor
739.55	0.075000	0.21989	4.5478	3076.6	3417.7	8.8749	1.6478	2.1111	660.83	5.6621	27.188	0.062474	vapor
740.76	0.075000	0.21953	4.5553	3078.6	3420.2	8.8783	1.6486	2.1119	661.34	5.6353	27.238	0.062620	vapor
741.97	0.075000	0.21917	4.5627	3080.6	3422.8	8.8818	1.6494	2.1127	661.84	5.6088	27.288	0.062766	vapor
743.18	0.075000	0.21881	4.5702	3082.6	3425.4	8.8852	1.6502	2.1135	662.35	5.5824	27.337	0.062913	vapor
744.39	0.075000	0.21845	4.5777	3084.6	3427.9	8.8887	1.6510	2.1143	662.85	5.5562	27.387	0.063059	vapor
745.61	0.075000	0.21810	4.5851	3086.6	3430.5	8.8921	1.6519	2.1151	663.36	5.5301	27.437	0.063206	vapor
746.82	0.075000	0.21774	4.5926	3088.6	3433.1	8.8956	1.6527	2.1159	663.86	5.5042	27.486	0.063353	vapor
748.03	0.075000	0.21739	4.6001	3090.6	3435.6	8.8990	1.6535	2.1167	664.36	5.4785	27.536	0.063500	vapor
749.24	0.075000	0.21703	4.6076	3092.6	3438.2	8.9024	1.6543	2.1175	664.87	5.4530	27.586	0.063646	vapor
750.45	0.075000	0.21668	4.6150	3094.6	3440.7	8.9058	1.6551	2.1183	665.37	5.4276	27.635	0.063793	vapor
751.66	0.075000	0.21633	4.6225	3096.6	3443.3	8.9092	1.6559	2.1192	665.87	5.4024	27.685	0.063941	vapor
752.87	0.075000	0.21598	4.6300	3098.6	3445.9	8.9127	1.6567	2.1200	666.37	5.3774	27.734	0.064088	vapor
754.09	0.075000	0.21564	4.6374	3100.6	3448.4	8.9161	1.6576	2.1208	666.87	5.3525	27.784	0.064235	vapor
755.30	0.075000	0.21529	4.6449	3102.7	3451.0	8.9195	1.6584	2.1216	667.38	5.3278	27.834	0.064383	vapor
756.51	0.075000	0.21494	4.6524	3104.7	3453.6	8.9229	1.6592	2.1224	667.88	5.3032	27.883	0.064530	vapor
757.72	0.075000	0.21460	4.6598	3106.7	3456.2	8.9263	1.6600	2.1232	668.38	5.2788	27.933	0.064678	vapor
758.93	0.075000	0.21426	4.6673	3108.7	3458.7	8.9297	1.6608	2.1240	668.87	5.2546	27.982	0.064825	vapor
760.14	0.075000	0.21391	4.6748	3110.7	3461.3	8.9331	1.6617	2.1248	669.37	5.2305	28.032	0.064973	vapor
761.35	0.075000	0.21357	4.6822	3112.7	3463.9	8.9364	1.6625	2.1256	669.87	5.2066	28.081	0.065121	vapor
762.57	0.075000	0.21323	4.6897	3114.7	3466.5	8.9398	1.6633	2.1264	670.37	5.1828	28.131	0.065269	vapor
763.78	0.075000	0.21289	4.6972	3116.7	3469.0	8.9432	1.6641	2.1272	670.87	5.1592	28.180	0.065417	vapor
764.99	0.075000	0.21256	4.7046	3118.8	3471.6	8.9466	1.6649	2.1281	671.36	5.1357	28.230	0.065565	vapor
766.20	0.075000	0.21222	4.7121	3120.8	3474.2	8.9499	1.6658	2.1289	671.86	5.1124	28.279	0.065714	vapor
767.41	0.075000	0.21188	4.7196	3122.8	3476.8	8.9533	1.6666	2.1297	672.36	5.0892	28.329	0.065862	vapor
768.62	0.075000	0.21155	4.7270	3124.8	3479.3	8.9567	1.6674	2.1305	672.85	5.0662	28.378	0.066011	vapor
769.83	0.075000	0.21122	4.7345	3126.8	3481.9	8.9600	1.6682	2.1313	673.35	5.0433	28.428	0.066159	vapor
771.05	0.075000	0.21088	4.7420	3128.9	3484.5	8.9634	1.6690	2.1321	673.84	5.0205	28.477	0.066308	vapor
772.26	0.075000	0.21055	4.7494	3130.9	3487.1	8.9667	1.6699	2.1329	674.33	4.9979	28.527	0.066457	vapor
773.47	0.075000	0.21022	4.7569	3132.9	3489.7	8.9701	1.6707	2.1338	674.83	4.9755	28.576	0.066605	vapor
774.68	0.075000	0.20989	4.7644	3134.9	3492.3	8.9734	1.6715	2.1346	675.32	4.9532	28.626	0.066754	vapor
775.89	0.075000	0.20956	4.7718	3137.0	3494.9	8.9767	1.6723	2.1354	675.81	4.9310	28.675	0.066903	vapor
777.10	0.075000	0.20924	4.7793	3139.0	3497.4	8.9801	1.6732	2.1362	676.31	4.9089	28.724	0.067053	vapor
778.31	0.075000	0.20891	4.7868	3141.0	3500.0	8.9834	1.6740	2.1370	676.80	4.8870	28.774	0.067202	vapor
779.53	0.075000	0.20858	4.7942	3143.0	3502.6	8.9867	1.6748	2.1378	677.29	4.8653	28.823	0.067351	vapor
780.74	0.075000	0.20826	4.8017	3145.1	3505.2	8.9900	1.6756	2.1387	677.78	4.8436	28.873	0.067501	vapor
781.95	0.075000	0.20794	4.8092	3147.1	3507.8	8.9934	1.6765	2.1395	678.27	4.8221	28.922	0.067650	vapor
783.16	0.075000	0.20761	4.8166	3149.1	3510.4	8.9967	1.6773	2.1403	678.76	4.8008	28.971	0.067800	vapor
784.37	0.075000	0.20729	4.8241	3151.2	3513.0	9.0000	1.6781	2.1411	679.25	4.7796	29.021	0.067949	vapor
785.58	0.075000	0.20697	4.8316	3153.2	3515.6	9.0033	1.6790	2.1419	679.74	4.7584	29.070	0.068099	vapor
786.79	0.075000	0.20665	4.8390	3155.2	3518.2	9.0066	1.6798	2.1428	680.23	4.7375	29.119	0.068249	vapor
788.01	0.075000	0.20633	4.8465	3157.3	3520.8	9.0099	1.6806	2.1436	680.72	4.7166	29.169	0.068399	vapor
789.22	0.075000	0.20602	4.8540	3159.3	3523.4	9.0132	1.6814	2.1444	681.20	4.6959	29.218	0.068549	vapor
790.43	0.075000	0.20570	4.8614	3161.4	3526.0	9.0165	1.6823	2.1452	681.69	4.6753	29.267	0.068699	vapor
791.64	0.075000	0.20539	4.8689	3163.4	3528.6	9.0197	1.6831	2.1460	682.18	4.6549	29.317	0.068850	vapor
792.85	0.075000	0.20507	4.8764	3165.4	3531.2	9.0230	1.6839	2.1469	682.66	4.6345	29.366	0.069000	vapor
794.06	0.075000	0.20476	4.8838	3167.5	3533.8	9.0263	1.6848	2.1477	683.15	4.6143	29.415	0.069150	vapor
795.27	0.075000	0.20444	4.8913	3169.5	3536.4	9.0296	1.6856	2.1485	683.64	4.5942	29.464	0.069301	vapor
796.48	0.075000	0.20413	4.8988	3171.6	3539.0	9.0328	1.6864	2.1493	684.12	4.5742	29.514	0.069451	vapor
797.70	0.075000	0.20382	4.9062	3173.6	3541.6	9.0361	1.6873	2.1502	684.60	4.5544	29.563	0.069602	vapor
798.91	0.075000	0.20351	4.9137	3175.7	3544.2	9.0394	1.6881	2.1510	685.09	4.5346	29.612	0.069753	vapor
800.12	0.075000	0.20320	4.9212	3177.7	3546.8	9.0426	1.6889	2.1518	685.57	4.5150	29.661	0.069904	vapor
801.33	0.075000	0.20290	4.9286	3179.7	3549.4	9.0459	1.6898	2.1526	686.06	4.4955	29.710	0.070055	vapor
802.54	0.075000	0.20259	4.9361	3181.8	3552.0	9.0491	1.6906	2.1535	686.54	4.4761	29.760	0.070206	vapor
803.75	0.075000	0.20228	4.9436	3183.8	3554.6	9.0524	1.6914	2.1543	687.02	4.4569	29.809	0.070357	vapor
804.96	0.075000	0.20198	4.9510	3185.9	3557.2	9.0556	1.6923	2.1551	687.50	4.4377	29.858	0.070508	vapor
806.18	0.075000	0.20167	4.9585	3187.9	3559.8	9.0589	1.6931	2.1560	687.98	4.4187	29.907	0.070660	vapor
807.39	0.075000	0.20137	4.9660	3190.0	3562.4	9.0621	1.6939	2.1568	688.47	4.3997	29.956	0.070811	vapor
808.60	0.075000	0.20107	4.9734	3192.1	3565.1	9.0654	1.6948	2.1576	688.95	4.3809	30.005	0.070962	vapor
809.81	0.075000	0.20077	4.9809	3194.1	3567.7	9.0686	1.6956	2.1584	689.43	4.3622	30.055	0.071114	vapor
811.02	0.075000	0.20047	4.9883	3196.2	3570.3	9.0718	1.6964	2.1593	689.91	4.3436	30.104	0.071266	vapor
812.23	0.075000	0.20017	4.9958	3198.2	3572.9	9.0750	1.6973	2.1601	690.39	4.3251	30.153	0.071417	vapor
813.44	0.075000	0.19987	5.0033	3200.3	3575.5	9.0783	1.6981	2.1609	690.87	4.3067	30.202	0.071569	vapor
814.66	0.075000	0.19957	5.0107	3202.3	3578.1	9.0815	1.6990	2.1618	691.34	4.2885	30.251	0.071721	vapor
815.87	0.075000	0.19927	5.0182	3204.4	3580.8	9.0847	1.6998	2.1626	691.82	4.2703	30.300	0.071873	vapor
817.08	0.075000	0.19898	5.0257	3206.5	3583.4	9.0879	1.7006	2.1634	692.30	4.2523	30.349	0.072025	vapor
818.29	0.075000	0.19868	5.0331	3208.5	3586.0	9.0911	1.7015	2.1643	692.78	4.2343	30.398	0.072178	vapor
819.50	0.075000	0.19839	5.0406	3210.6	3588.6	9.0943	1.7023	2.1651	693.25	4.2165	30.447	0.072330	vapor
820.71	0.075000	0.19810	5.0481	3212.6	3591.2	9.0975	1.7032	2.1659	693.73	4.1987	30.496	0.072482	vapor
821.92	0.075000	0.19780	5.0555	3214.7	3593.9	9.1007	1.7040	2.1668	694.21	4.1811	30.545	0.072635	vapor
823.14	0.075000	0.19751	5.0630	3216.8	3596.5	9.1039	1.7048	2.1676	694.68	4.1635	30.594	0.072787	vapor
824.35	0.075000	0.19722	5.0705	3218.8	3599.1	9.1071	1.7057	2.1684	695.16	4.1461	30.643	0.072940	vapor
825.56	0.075000	0.19693	5.0779	3220.9	3601.7	9.1103	1.7065	2.1693	695.63	4.1287	30.692	0.073092	vapor
826.77	0.075000	0.19664	5.0854	3223.0	3604.4	9.1134	1.7074	2.1701	696.11	4.1115	30.741	0.073245	vapor
827.98	0.075000	0.19635	5.0928	3225.0	3607.0	9.1166	1.7082	2.1709	696.58	4.0944	30.790	0.073398	vapor
829.19	0.075000	0.19607	5.1003	3227.1	3609.6	9.1198	1.7090	2.1718	697.05	4.0773	30.839	0.073551	vapor
830.40	0.075000	0.19578	5.1078	3229.2	3612.3	9.1230	1.7099	2.1726	697.53	4.0604	30.888	0.073704	vapor
831.62	0.075000	0.19549	5.1152	3231.3	3614.9	9.1261	1.7107	2.1734	698.00	4.0435	30.937	0.073857	vapor
832.83	0.075000	0.19521	5.1227	3233.3	3617.5	9.1293	1.7116	2.1743	698.47	4.0268	30.986	0.074010	vapor
834.04	0.075000	0.19493	5.1302	3235.4	3620.2	9.1325	1.7124	2.1751	698.94	4.0101	31.035	0.074164	vapor
835.25	0.075000	0.19464	5.1376	3237.5	3622.8	9.1356	1.7133	2.1759	699.42	3.9935	31.084	0.074317	vapor
836.46	0.075000	0.19436	5.1451	3239.6	3625.4	9.1388	1.7141	2.1768	699.89	3.9771	31.133	0.074471	vapor
837.67	0.075000	0.19408	5.1526	3241.6	3628.1	9.1419	1.7149	2.1776	700.36	3.9607	31.182	0.074624	vapor
838.88	0.075000	0.19380	5.1600	3243.7	3630.7	9.1451	1.7158	2.1785	700.83	3.9444	31.230	0.074778	vapor
840.10	0.075000	0.19352	5.1675	3245.8	3633.4	9.1482	1.7166	2.1793	701.30	3.9282	31.279	0.074931	vapor
841.31	0.075000	0.19324	5.1750	3247.9	3636.0	9.1514	1.7175	2.1801	701.77	3.9121	31.328	0.075085	vapor
842.52	0.075000	0.19296	5.1824	3250.0	3638.6	9.1545	1.7183	2.1810	702.24	3.8961	31.377	0.075239	vapor
843.73	0.075000	0.19268	5.1899	3252.0	3641.3	9.1576	1.7192	2.1818	702.71	3.8801	31.426	0.075393	vapor
844.94	0.075000	0.19241	5.1973	3254.1	3643.9	9.1608	1.7200	2.1827	703.17	3.8643	31.474	0.075547	vapor
846.15	0.075000	0.19213	5.2048	3256.2	3646.6	9.1639	1.7209	2.1835	703.64	3.8486	31.523	0.075701	vapor
847.36	0.075000	0.19185	5.2123	3258.3	3649.2	9.1670	1.7217	2.1843	704.11	3.8329	31.572	0.075855	vapor
848.58	0.075000	0.19158	5.2197	3260.4	3651.9	9.1701	1.7225	2.1852	704.58	3.8173	31.621	0.076010	vapor
849.79	0.075000	0.19131	5.2272	3262.5	3654.5	9.1732	1.7234	2.1860	705.04	3.8018	31.670	0.076164	vapor
851.00	0.075000	0.19103	5.2347	3264.6	3657.2	9.1764	1.7242	2.1869	705.51	3.7864	31.718	0.076318	vapor
852.21	0.075000	0.19076	5.2421	3266.6	3659.8	9.1795	1.7251	2.1877	705.98	3.7711	31.767	0.076473	vapor
853.42	0.075000	0.19049	5.2496	3268.7	3662.5	9.1826	1.7259	2.1886	706.44	3.7559	31.816	0.076627	vapor
854.63	0.075000	0.19022	5.2571	3270.8	3665.1	9.1857	1.7268	2.1894	706.91	3.7407	31.864	0.076782	vapor
855.84	0.075000	0.18995	5.2645	3272.9	3667.8	9.1888	1.7276	2.1902	707.37	3.7257	31.913	0.076937	vapor
857.05	0.075000	0.18968	5.2720	3275.0	3670.4	9.1919	1.7285	2.1911	707.84	3.7107	31.962	0.077092	vapor
858.27	0.075000	0.18941	5.2794	3277.1	3673.1	9.1950	1.7293	2.1919	708.30	3.6958	32.010	0.077246	vapor
859.48	0.075000	0.18915	5.2869	3279.2	3675.7	9.1981	1.7302	2.1928	708.76	3.6809	32.059	0.077401	vapor
860.69	0.075000	0.18888	5.2944	3281.3	3678.4	9.2012	1.7310	2.1936	709.23	3.6662	32.108	0.077557	vapor
861.90	0.075000	0.18861	5.3018	3283.4	3681.0	9.2043	1.7319	2.1945	709.69	3.6515	32.156	0.077712	vapor
863.11	0.075000	0.18835	5.3093	3285.5	3683.7	9.2073	1.7327	2.1953	710.15	3.6370	32.205	0.077867	vapor
864.32	0.075000	0.18808	5.3168	3287.6	3686.4	9.2104	1.7336	2.1961	710.61	3.6225	32.254	0.078022	vapor
865.53	0.075000	0.18782	5.3242	3289.7	3689.0	9.2135	1.7344	2.1970	711.08	3.6080	32.302	0.078177	vapor
866.75	0.075000	0.18756	5.3317	3291.8	3691.7	9.2166	1.7353	2.1978	711.54	3.5937	32.351	0.078333	vapor
867.96	0.075000	0.18730	5.3391	3293.9	3694.3	9.2196	1.7361	2.1987	712.00	3.5794	32.399	0.078488	vapor
869.17	0.075000	0.18703	5.3466	3296.0	3697.0	9.2227	1.7370	2.1995	712.46	3.5652	32.448	0.078644	vapor
870.38	0.075000	0.18677	5.3541	3298.1	3699.7	9.2258	1.7378	2.2004	712.92	3.5511	32.496	0.078800	vapor
871.59	0.075000	0.18651	5.3615	3300.2	3702.3	9.2288	1.7387	2.2012	713.38	3.5371	32.545	0.078955	vapor
872.80	0.075000	0.18625	5.3690	3302.3	3705.0	9.2319	1.7395	2.2021	713.84	3.5231	32.593	0.079111	vapor
874.01	0.075000	0.18600	5.3765	3304.4	3707.7	9.2349	1.7404	2.2029	714.30	3.5092	32.642	0.079267	vapor
875.23	0.075000	0.18574	5.3839	3306.6	3710.3	9.2380	1.7412	2.2038	714.76	3.4954	32.690	0.079423	vapor
876.44	0.075000	0.18548	5.3914	3308.7	3713.0	9.2410	1.7421	2.2046	715.22	3.4816	32.739	0.079579	vapor
877.65	0.075000	0.18522	5.3988	3310.8	3715.7	9.2441	1.7429	2.2055	715.67	3.4680	32.787	0.079735	vapor
878.86	0.075000	0.18497	5.4063	3312.9	3718.4	9.2471	1.7438	2.2063	716.13	3.4544	32.836	0.079892	vapor
880.07	0.075000	0.18471	5.4138	3315.0	3721.0	9.2502	1.7446	2.2072	716.59	3.4408	32.884	0.080048	vapor
881.28	0.075000	0.18446	5.4212	3317.1	3723.7	9.2532	1.7455	2.2080	717.05	3.4274	32.933	0.080204	vapor
882.49	0.075000	0.18421	5.4287	3319.2	3726.4	9.2562	1.7464	2.2088	717.50	3.4140	32.981	0.080361	vapor
883.71	0.075000	0.18395	5.4362	3321.3	3729.1	9.2593	1.7472	2.2097	717.96	3.4007	33.030	0.080517	vapor
884.92	0.075000	0.18370	5.4436	3323.5	3731.7	9.2623	1.7481	2.2105	718.41	3.3874	33.078	0.080674	vapor
886.13	0.075000	0.18345	5.4511	3325.6	3734.4	9.2653	1.7489	2.2114	718.87	3.3743	33.126	0.080830	vapor
887.34	0.075000	0.18320	5.4585	3327.7	3737.1	9.2683	1.7498	2.2122	719.32	3.3612	33.175	0.080987	vapor
888.55	0.075000	0.18295	5.4660	3329.8	3739.8	9.2714	1.7506	2.2131	719.78	3.3481	33.223	0.081144	vapor
889.76	0.075000	0.18270	5.4735	3331.9	3742.5	9.2744	1.7515	2.2139	720.23	3.3352	33.271	0.081301	vapor
890.97	0.075000	0.18245	5.4809	3334.1	3745.1	9.2774	1.7523	2.2148	720.69	3.3222	33.320	0.081458	vapor
892.19	0.075000	0.18220	5.4884	3336.2	3747.8	9.2804	1.7532	2.2156	721.14	3.3094	33.368	0.081615	vapor
893.40	0.075000	0.18196	5.4959	3338.3	3750.5	9.2834	1.7540	2.2165	721.60	3.2966	33.416	0.081772	vapor
894.61	0.075000	0.18171	5.5033	3340.4	3753.2	9.2864	1.7549	2.2173	722.05	3.2839	33.465	0.081929	vapor
895.82	0.075000	0.18146	5.5108	3342.6	3755.9	9.2894	1.7557	2.2182	722.50	3.2713	33.513	0.082086	vapor
897.03	0.075000	0.18122	5.5182	3344.7	3758.6	9.2924	1.7566	2.2190	722.95	3.2587	33.561	0.082243	vapor
898.24	0.075000	0.18097	5.5257	3346.8	3761.3	9.2954	1.7575	2.2199	723.40	3.2462	33.609	0.082401	vapor
899.45	0.075000	0.18073	5.5332	3349.0	3763.9	9.2984	1.7583	2.2207	723.86	3.2338	33.658	0.082558	vapor
900.67	0.075000	0.18049	5.5406	3351.1	3766.6	9.3014	1.7592	2.2216	724.31	3.2214	33.706	0.082716	vapor
901.88	0.075000	0.18024	5.5481	3353.2	3769.3	9.3044	1.7600	2.2225	724.76	3.2091	33.754	0.082873	vapor
903.09	0.075000	0.18000	5.5555	3355.4	3772.0	9.3074	1.7609	2.2233	725.21	3.1968	33.802	0.083031	vapor
904.30	0.075000	0.17976	5.5630	3357.5	3774.7	9.3103	1.7617	2.2242	725.66	3.1847	33.850	0.083189	vapor
905.51	0.075000	0.17952	5.5705	3359.6	3777.4	9.3133	1.7626	2.2250	726.11	3.1725	33.899	0.083347	vapor
906.72	0.075000	0.17928	5.5779	3361.8	3780.1	9.3163	1.7635	2.2259	726.56	3.1605	33.947	0.083504	vapor
907.93	0.075000	0.17904	5.5854	3363.9	3782.8	9.3193	1.7643	2.2267	727.01	3.1485	33.995	0.083662	vapor
909.15	0.075000	0.17880	5.5929	3366.0	3785.5	9.3222	1.7652	2.2276	727.46	3.1365	34.043	0.083820	vapor
910.36	0.075000	0.17856	5.6003	3368.2	3788.2	9.3252	1.7660	2.2284	727.90	3.1246	34.091	0.083978	vapor
911.57	0.075000	0.17832	5.6078	3370.3	3790.9	9.3282	1.7669	2.2293	728.35	3.1128	34.139	0.084137	vapor
912.78	0.075000	0.17809	5.6152	3372.5	3793.6	9.3311	1.7677	2.2301	728.80	3.1010	34.187	0.084295	vapor
913.99	0.075000	0.17785	5.6227	3374.6	3796.3	9.3341	1.7686	2.2310	729.25	3.0893	34.235	0.084453	vapor
915.20	0.075000	0.17761	5.6302	3376.7	3799.0	9.3370	1.7694	2.2318	729.69	3.0777	34.283	0.084612	vapor
916.41	0.075000	0.17738	5.6376	3378.9	3801.7	9.3400	1.7703	2.2327	730.14	3.0661	34.332	0.084770	vapor
917.62	0.075000	0.17715	5.6451	3381.0	3804.4	9.3429	1.7712	2.2335	730.59	3.0546	34.380	0.084928	vapor
918.84	0.075000	0.17691	5.6525	3383.2	3807.1	9.3459	1.7720	2.2344	731.03	3.0431	34.428	0.085087	vapor
920.05	0.075000	0.17668	5.6600	3385.3	3809.8	9.3488	1.7729	2.2352	731.48	3.0317	34.476	0.085246	vapor
921.26	0.075000	0.17645	5.6675	3387.5	3812.5	9.3518	1.7737	2.2361	731.92	3.0203	34.524	0.085404	vapor
922.47	0.075000	0.17621	5.6749	3389.6	3815.2	9.3547	1.7746	2.2370	732.37	3.0090	34.572	0.085563	vapor
923.68	0.075000	0.17598	5.6824	3391.8	3818.0	9.3576	1.7755	2.2378	732.81	2.9978	34.620	0.085722	vapor
924.89	0.075000	0.17575	5.6899	3393.9	3820.7	9.3606	1.7763	2.2387	733.26	2.9866	34.668	0.085881	vapor
926.10	0.075000	0.17552	5.6973	3396.1	3823.4	9.3635	1.7772	2.2395	733.70	2.9755	34.715	0.086040	vapor
927.32	0.075000	0.17529	5.7048	3398.2	3826.1	9.3664	1.7780	2.2404	734.15	2.9644	34.763	0.086199	vapor
928.53	0.075000	0.17506	5.7122	3400.4	3828.8	9.3694	1.7789	2.2412	734.59	2.9534	34.811	0.086358	vapor
929.74	0.075000	0.17483	5.7197	3402.5	3831.5	9.3723	1.7797	2.2421	735.03	2.9424	34.859	0.086517	vapor
930.95	0.075000	0.17461	5.7272	3404.7	3834.2	9.3752	1.7806	2.2429	735.48	2.9315	34.907	0.086676	vapor
932.16	0.075000	0.17438	5.7346	3406.9	3837.0	9.3781	1.7815	2.2438	735.92	2.9207	34.955	0.086836	vapor
933.37	0.075000	0.17415	5.7421	3409.0	3839.7	9.3810	1.7823	2.2446	736.36	2.9098	35.003	0.086995	vapor
934.58	0.075000	0.17393	5.7495	3411.2	3842.4	9.3840	1.7832	2.2455	736.80	2.8991	35.051	0.087155	vapor
935.80	0.075000	0.17370	5.7570	3413.3	3845.1	9.3869	1.7840	2.2464	737.24	2.8884	35.099	0.087314	vapor
937.01	0.075000	0.17348	5.7645	3415.5	3847.8	9.3898	1.7849	2.2472	737.68	2.8777	35.146	0.087474	vapor
938.22	0.075000	0.17325	5.7719	3417.7	3850.6	9.3927	1.7858	2.2481	738.12	2.8672	35.194	0.087633	vapor
939.43	0.075000	0.17303	5.7794	3419.8	3853.3	9.3956	1.7866	2.2489	738.56	2.8566	35.242	0.087793	vapor
940.64	0.075000	0.17281	5.7868	3422.0	3856.0	9.3985	1.7875	2.2498	739.00	2.8461	35.290	0.087953	vapor
941.85	0.075000	0.17258	5.7943	3424.2	3858.7	9.4014	1.7883	2.2506	739.44	2.8357	35.337	0.088113	vapor
943.06	0.075000	0.17236	5.8018	3426.3	3861.5	9.4043	1.7892	2.2515	739.88	2.8253	35.385	0.088273	vapor
944.28	0.075000	0.17214	5.8092	3428.5	3864.2	9.4072	1.7901	2.2523	740.32	2.8149	35.433	0.088433	vapor
945.49	0.075000	0.17192	5.8167	3430.7	3866.9	9.4100	1.7909	2.2532	740.76	2.8047	35.481	0.088593	vapor
946.70	0.075000	0.17170	5.8242	3432.8	3869.6	9.4129	1.7918	2.2541	741.20	2.7944	35.528	0.088753	vapor
947.91	0.075000	0.17148	5.8316	3435.0	3872.4	9.4158	1.7926	2.2549	741.64	2.7842	35.576	0.088913	vapor
949.12	0.075000	0.17126	5.8391	3437.2	3875.1	9.4187	1.7935	2.2558	742.08	2.7741	35.624	0.089073	vapor
950.33	0.075000	0.17104	5.8465	3439.4	3877.8	9.4216	1.7943	2.2566	742.51	2.7640	35.671	0.089233	vapor
951.54	0.075000	0.17082	5.8540	3441.5	3880.6	9.4244	1.7952	2.2575	742.95	2.7539	35.719	0.089394	vapor
952.76	0.075000	0.17061	5.8615	3443.7	3883.3	9.4273	1.7961	2.2583	743.39	2.7439	35.767	0.089554	vapor
953.97	0.075000	0.17039	5.8689	3445.9	3886.0	9.4302	1.7969	2.2592	743.82	2.7340	35.814	0.089715	vapor
955.18	0.075000	0.17017	5.8764	3448.1	3888.8	9.4331	1.7978	2.2601	744.26	2.7241	35.862	0.089875	vapor
956.39	0.075000	0.16996	5.8838	3450.2	3891.5	9.4359	1.7986	2.2609	744.70	2.7142	35.910	0.090036	vapor
957.60	0.075000	0.16974	5.8913	3452.4	3894.3	9.4388	1.7995	2.2618	745.13	2.7044	35.957	0.090197	vapor
958.81	0.075000	0.16953	5.8988	3454.6	3897.0	9.4416	1.8004	2.2626	745.57	2.6947	36.005	0.090357	vapor
960.02	0.075000	0.16931	5.9062	3456.8	3899.7	9.4445	1.8012	2.2635	746.00	2.6850	36.052	0.090518	vapor
961.24	0.075000	0.16910	5.9137	3459.0	3902.5	9.4474	1.8021	2.2643	746.44	2.6753	36.100	0.090679	vapor
962.45	0.075000	0.16889	5.9211	3461.1	3905.2	9.4502	1.8029	2.2652	746.87	2.6657	36.147	0.090840	vapor
963.66	0.075000	0.16867	5.9286	3463.3	3908.0	9.4531	1.8038	2.2660	747.30	2.6561	36.195	0.091001	vapor
964.87	0.075000	0.16846	5.9361	3465.5	3910.7	9.4559	1.8047	2.2669	747.74	2.6466	36.242	0.091162	vapor
966.08	0.075000	0.16825	5.9435	3467.7	3913.5	9.4587	1.8055	2.2678	748.17	2.6371	36.290	0.091323	vapor
967.29	0.075000	0.16804	5.9510	3469.9	3916.2	9.4616	1.8064	2.2686	748.60	2.6276	36.337	0.091484	vapor
968.50	0.075000	0.16783	5.9584	3472.1	3919.0	9.4644	1.8072	2.2695	749.04	2.6182	36.385	0.091645	vapor
969.72	0.075000	0.16762	5.9659	3474.3	3921.7	9.4673	1.8081	2.2703	749.47	2.6089	36.432	0.091807	vapor
970.93	0.075000	0.16741	5.9734	3476.5	3924.5	9.4701	1.8090	2.2712	749.90	2.5996	36.480	0.091968	vapor
972.14	0.075000	0.16720	5.9808	3478.7	3927.2	9.4729	1.8098	2.2720	750.33	2.5903	36.527	0.092130	vapor
973.35	0.075000	0.16699	5.9883	3480.8	3930.0	9.4758	1.8107	2.2729	750.77	2.5811	36.575	0.092291	vapor
974.56	0.075000	0.16679	5.9957	3483.0	3932.7	9.4786	1.8115	2.2738	751.20	2.5719	36.622	0.092453	vapor
975.77	0.075000	0.16658	6.0032	3485.2	3935.5	9.4814	1.8124	2.2746	751.63	2.5628	36.669	0.092614	vapor
976.98	0.075000	0.16637	6.0107	3487.4	3938.2	9.4842	1.8133	2.2755	752.06	2.5537	36.717	0.092776	vapor
978.19	0.075000	0.16616	6.0181	3489.6	3941.0	9.4871	1.8141	2.2763	752.49	2.5446	36.764	0.092938	vapor
979.41	0.075000	0.16596	6.0256	3491.8	3943.8	9.4899	1.8150	2.2772	752.92	2.5356	36.811	0.093099	vapor
980.62	0.075000	0.16575	6.0330	3494.0	3946.5	9.4927	1.8158	2.2780	753.35	2.5266	36.859	0.093261	vapor
981.83	0.075000	0.16555	6.0405	3496.2	3949.3	9.4955	1.8167	2.2789	753.78	2.5177	36.906	0.093423	vapor
983.04	0.075000	0.16534	6.0480	3498.4	3952.0	9.4983	1.8176	2.2798	754.21	2.5088	36.953	0.093585	vapor
984.25	0.075000	0.16514	6.0554	3500.6	3954.8	9.5011	1.8184	2.2806	754.64	2.5000	37.001	0.093747	vapor
985.46	0.075000	0.16494	6.0629	3502.8	3957.6	9.5039	1.8193	2.2815	755.06	2.4912	37.048	0.093909	vapor
986.67	0.075000	0.16474	6.0703	3505.0	3960.3	9.5067	1.8201	2.2823	755.49	2.4824	37.095	0.094071	vapor
987.89	0.075000	0.16453	6.0778	3507.3	3963.1	9.5095	1.8210	2.2832	755.92	2.4737	37.142	0.094234	vapor
989.10	0.075000	0.16433	6.0853	3509.5	3965.9	9.5123	1.8218	2.2840	756.35	2.4650	37.190	0.094396	vapor
990.31	0.075000	0.16413	6.0927	3511.7	3968.6	9.5151	1.8227	2.2849	756.78	2.4564	37.237	0.094558	vapor
991.52	0.075000	0.16393	6.1002	3513.9	3971.4	9.5179	1.8236	2.2857	757.20	2.4478	37.284	0.094721	vapor
992.73	0.075000	0.16373	6.1076	3516.1	3974.2	9.5207	1.8244	2.2866	757.63	2.4392	37.331	0.094883	vapor
993.94	0.075000	0.16353	6.1151	3518.3	3976.9	9.5235	1.8253	2.2875	758.06	2.4307	37.378	0.095046	vapor
995.15	0.075000	0.16333	6.1226	3520.5	3979.7	9.5263	1.8261	2.2883	758.48	2.4222	37.426	0.095208	vapor
996.37	0.075000	0.16313	6.1300	3522.7	3982.5	9.5291	1.8270	2.2892	758.91	2.4137	37.473	0.095371	vapor
997.58	0.075000	0.16293	6.1375	3524.9	3985.2	9.5319	1.8279	2.2900	759.33	2.4053	37.520	0.095533	vapor
998.79	0.075000	0.16274	6.1449	3527.2	3988.0	9.5346	1.8287	2.2909	759.76	2.3970	37.567	0.095696	vapor
1000.0	0.075000	0.16254	6.1524	3529.4	3990.8	9.5374	1.8296	2.2917	760.18	2.3886	37.614	0.095859	vapor
